INPUT_TABLE
Variable ID
OutputEmFactUnmgd

region,AgSupplySector,AgSupplySubsector,UnmanagedLandTechnology,year,Non.CO2,emiss.coef
Africa_Eastern,UnmanagedLand,GrasslandFiresAEZ01,ProtectedGrasslandFiresAEZ01,1975,BC,0.000170718257610337
Africa_Eastern,UnmanagedLand,GrasslandFiresAEZ01,ProtectedGrasslandFiresAEZ01,1975,OC,0.00118760992850123
Africa_Northern,UnmanagedLand,GrasslandFiresAEZ01,ProtectedGrasslandFiresAEZ01,1975,BC,1.63798943388009e-05
Africa_Northern,UnmanagedLand,GrasslandFiresAEZ01,ProtectedGrasslandFiresAEZ01,1975,OC,0.000113947080062769
Africa_Southern,UnmanagedLand,GrasslandFiresAEZ01,ProtectedGrasslandFiresAEZ01,1975,BC,9.62266253916893e-05
Africa_Southern,UnmanagedLand,GrasslandFiresAEZ01,ProtectedGrasslandFiresAEZ01,1975,OC,0.000718134456406112
Africa_Western,UnmanagedLand,GrasslandFiresAEZ01,ProtectedGrasslandFiresAEZ01,1975,BC,9.38903508831646e-05
Africa_Western,UnmanagedLand,GrasslandFiresAEZ01,ProtectedGrasslandFiresAEZ01,1975,OC,0.000653355669692079
Australia_NZ,UnmanagedLand,GrasslandFiresAEZ01,ProtectedGrasslandFiresAEZ01,1975,BC,9.52677344773469e-05
Australia_NZ,UnmanagedLand,GrasslandFiresAEZ01,ProtectedGrasslandFiresAEZ01,1975,OC,0.000662828699201625
Brazil,UnmanagedLand,GrasslandFiresAEZ01,ProtectedGrasslandFiresAEZ01,1975,BC,7.97550571932228e-05
Brazil,UnmanagedLand,GrasslandFiresAEZ01,ProtectedGrasslandFiresAEZ01,1975,OC,0.000554819286304257
India,UnmanagedLand,GrasslandFiresAEZ01,ProtectedGrasslandFiresAEZ01,1975,BC,2.80360017704832e-05
India,UnmanagedLand,GrasslandFiresAEZ01,ProtectedGrasslandFiresAEZ01,1975,OC,0.000197279539966535
Mexico,UnmanagedLand,GrasslandFiresAEZ01,ProtectedGrasslandFiresAEZ01,1975,BC,6.33345461787933e-05
Mexico,UnmanagedLand,GrasslandFiresAEZ01,ProtectedGrasslandFiresAEZ01,1975,OC,0.000440588139342314
Middle East,UnmanagedLand,GrasslandFiresAEZ01,ProtectedGrasslandFiresAEZ01,1975,BC,1.56079463252335e-10
Middle East,UnmanagedLand,GrasslandFiresAEZ01,ProtectedGrasslandFiresAEZ01,1975,OC,1.08577040639425e-09
Pakistan,UnmanagedLand,GrasslandFiresAEZ01,ProtectedGrasslandFiresAEZ01,1975,BC,6.15872293915376e-05
Pakistan,UnmanagedLand,GrasslandFiresAEZ01,ProtectedGrasslandFiresAEZ01,1975,OC,0.000428432868533823
South Africa,UnmanagedLand,GrasslandFiresAEZ01,ProtectedGrasslandFiresAEZ01,1975,BC,0.000103927970752007
South Africa,UnmanagedLand,GrasslandFiresAEZ01,ProtectedGrasslandFiresAEZ01,1975,OC,0.000722977165323252
South America_Northern,UnmanagedLand,GrasslandFiresAEZ01,ProtectedGrasslandFiresAEZ01,1975,BC,4.72196273131782e-05
South America_Northern,UnmanagedLand,GrasslandFiresAEZ01,ProtectedGrasslandFiresAEZ01,1975,OC,0.000400446034830856
South America_Southern,UnmanagedLand,GrasslandFiresAEZ01,ProtectedGrasslandFiresAEZ01,1975,BC,1.50583288674161e-06
South America_Southern,UnmanagedLand,GrasslandFiresAEZ01,ProtectedGrasslandFiresAEZ01,1975,OC,1.05050486083742e-05
Africa_Eastern,UnmanagedLand,GrasslandFiresAEZ01,ProtectedGrasslandFiresAEZ01,1990,BC,0.000170718257610337
Africa_Eastern,UnmanagedLand,GrasslandFiresAEZ01,ProtectedGrasslandFiresAEZ01,1990,OC,0.00118760992850123
Africa_Northern,UnmanagedLand,GrasslandFiresAEZ01,ProtectedGrasslandFiresAEZ01,1990,BC,1.63798943388009e-05
Africa_Northern,UnmanagedLand,GrasslandFiresAEZ01,ProtectedGrasslandFiresAEZ01,1990,OC,0.000113947080062769
Africa_Southern,UnmanagedLand,GrasslandFiresAEZ01,ProtectedGrasslandFiresAEZ01,1990,BC,9.62266253916893e-05
Africa_Southern,UnmanagedLand,GrasslandFiresAEZ01,ProtectedGrasslandFiresAEZ01,1990,OC,0.000718134456406112
Africa_Western,UnmanagedLand,GrasslandFiresAEZ01,ProtectedGrasslandFiresAEZ01,1990,BC,9.38903508831646e-05
Africa_Western,UnmanagedLand,GrasslandFiresAEZ01,ProtectedGrasslandFiresAEZ01,1990,OC,0.000653355669692079
Australia_NZ,UnmanagedLand,GrasslandFiresAEZ01,ProtectedGrasslandFiresAEZ01,1990,BC,9.52677344773469e-05
Australia_NZ,UnmanagedLand,GrasslandFiresAEZ01,ProtectedGrasslandFiresAEZ01,1990,OC,0.000662828699201625
Brazil,UnmanagedLand,GrasslandFiresAEZ01,ProtectedGrasslandFiresAEZ01,1990,BC,7.97550571932228e-05
Brazil,UnmanagedLand,GrasslandFiresAEZ01,ProtectedGrasslandFiresAEZ01,1990,OC,0.000554819286304257
India,UnmanagedLand,GrasslandFiresAEZ01,ProtectedGrasslandFiresAEZ01,1990,BC,2.80360017704832e-05
India,UnmanagedLand,GrasslandFiresAEZ01,ProtectedGrasslandFiresAEZ01,1990,OC,0.000197279539966535
Mexico,UnmanagedLand,GrasslandFiresAEZ01,ProtectedGrasslandFiresAEZ01,1990,BC,6.33345461787933e-05
Mexico,UnmanagedLand,GrasslandFiresAEZ01,ProtectedGrasslandFiresAEZ01,1990,OC,0.000440588139342314
Middle East,UnmanagedLand,GrasslandFiresAEZ01,ProtectedGrasslandFiresAEZ01,1990,BC,1.56079463252335e-10
Middle East,UnmanagedLand,GrasslandFiresAEZ01,ProtectedGrasslandFiresAEZ01,1990,OC,1.08577040639425e-09
Pakistan,UnmanagedLand,GrasslandFiresAEZ01,ProtectedGrasslandFiresAEZ01,1990,BC,6.15872293915376e-05
Pakistan,UnmanagedLand,GrasslandFiresAEZ01,ProtectedGrasslandFiresAEZ01,1990,OC,0.000428432868533823
South Africa,UnmanagedLand,GrasslandFiresAEZ01,ProtectedGrasslandFiresAEZ01,1990,BC,0.000103927970752007
South Africa,UnmanagedLand,GrasslandFiresAEZ01,ProtectedGrasslandFiresAEZ01,1990,OC,0.000722977165323252
South America_Northern,UnmanagedLand,GrasslandFiresAEZ01,ProtectedGrasslandFiresAEZ01,1990,BC,4.72196273131782e-05
South America_Northern,UnmanagedLand,GrasslandFiresAEZ01,ProtectedGrasslandFiresAEZ01,1990,OC,0.000400446034830856
South America_Southern,UnmanagedLand,GrasslandFiresAEZ01,ProtectedGrasslandFiresAEZ01,1990,BC,1.50583288674161e-06
South America_Southern,UnmanagedLand,GrasslandFiresAEZ01,ProtectedGrasslandFiresAEZ01,1990,OC,1.05050486083742e-05
Africa_Eastern,UnmanagedLand,GrasslandFiresAEZ01,ProtectedGrasslandFiresAEZ01,2005,BC,0.000170718257610337
Africa_Eastern,UnmanagedLand,GrasslandFiresAEZ01,ProtectedGrasslandFiresAEZ01,2005,OC,0.00118760992850123
Africa_Northern,UnmanagedLand,GrasslandFiresAEZ01,ProtectedGrasslandFiresAEZ01,2005,BC,1.63798943388009e-05
Africa_Northern,UnmanagedLand,GrasslandFiresAEZ01,ProtectedGrasslandFiresAEZ01,2005,OC,0.000113947080062769
Africa_Southern,UnmanagedLand,GrasslandFiresAEZ01,ProtectedGrasslandFiresAEZ01,2005,BC,9.62266253916893e-05
Africa_Southern,UnmanagedLand,GrasslandFiresAEZ01,ProtectedGrasslandFiresAEZ01,2005,OC,0.000718134456406112
Africa_Western,UnmanagedLand,GrasslandFiresAEZ01,ProtectedGrasslandFiresAEZ01,2005,BC,9.38903508831646e-05
Africa_Western,UnmanagedLand,GrasslandFiresAEZ01,ProtectedGrasslandFiresAEZ01,2005,OC,0.000653355669692079
Australia_NZ,UnmanagedLand,GrasslandFiresAEZ01,ProtectedGrasslandFiresAEZ01,2005,BC,9.52677344773469e-05
Australia_NZ,UnmanagedLand,GrasslandFiresAEZ01,ProtectedGrasslandFiresAEZ01,2005,OC,0.000662828699201625
Brazil,UnmanagedLand,GrasslandFiresAEZ01,ProtectedGrasslandFiresAEZ01,2005,BC,7.97550571932228e-05
Brazil,UnmanagedLand,GrasslandFiresAEZ01,ProtectedGrasslandFiresAEZ01,2005,OC,0.000554819286304257
India,UnmanagedLand,GrasslandFiresAEZ01,ProtectedGrasslandFiresAEZ01,2005,BC,2.80360017704832e-05
India,UnmanagedLand,GrasslandFiresAEZ01,ProtectedGrasslandFiresAEZ01,2005,OC,0.000197279539966535
Mexico,UnmanagedLand,GrasslandFiresAEZ01,ProtectedGrasslandFiresAEZ01,2005,BC,6.33345461787933e-05
Mexico,UnmanagedLand,GrasslandFiresAEZ01,ProtectedGrasslandFiresAEZ01,2005,OC,0.000440588139342314
Middle East,UnmanagedLand,GrasslandFiresAEZ01,ProtectedGrasslandFiresAEZ01,2005,BC,1.56079463252335e-10
Middle East,UnmanagedLand,GrasslandFiresAEZ01,ProtectedGrasslandFiresAEZ01,2005,OC,1.08577040639425e-09
Pakistan,UnmanagedLand,GrasslandFiresAEZ01,ProtectedGrasslandFiresAEZ01,2005,BC,6.15872293915376e-05
Pakistan,UnmanagedLand,GrasslandFiresAEZ01,ProtectedGrasslandFiresAEZ01,2005,OC,0.000428432868533823
South Africa,UnmanagedLand,GrasslandFiresAEZ01,ProtectedGrasslandFiresAEZ01,2005,BC,0.000103927970752007
South Africa,UnmanagedLand,GrasslandFiresAEZ01,ProtectedGrasslandFiresAEZ01,2005,OC,0.000722977165323252
South America_Northern,UnmanagedLand,GrasslandFiresAEZ01,ProtectedGrasslandFiresAEZ01,2005,BC,4.72196273131782e-05
South America_Northern,UnmanagedLand,GrasslandFiresAEZ01,ProtectedGrasslandFiresAEZ01,2005,OC,0.000400446034830856
South America_Southern,UnmanagedLand,GrasslandFiresAEZ01,ProtectedGrasslandFiresAEZ01,2005,BC,1.50583288674161e-06
South America_Southern,UnmanagedLand,GrasslandFiresAEZ01,ProtectedGrasslandFiresAEZ01,2005,OC,1.05050486083742e-05
Africa_Eastern,UnmanagedLand,GrasslandFiresAEZ02,ProtectedGrasslandFiresAEZ02,1975,BC,0.000170718257610337
Africa_Eastern,UnmanagedLand,GrasslandFiresAEZ02,ProtectedGrasslandFiresAEZ02,1975,OC,0.00118760992850123
Africa_Northern,UnmanagedLand,GrasslandFiresAEZ02,ProtectedGrasslandFiresAEZ02,1975,BC,1.63798943388009e-05
Africa_Northern,UnmanagedLand,GrasslandFiresAEZ02,ProtectedGrasslandFiresAEZ02,1975,OC,0.000113947080062769
Africa_Southern,UnmanagedLand,GrasslandFiresAEZ02,ProtectedGrasslandFiresAEZ02,1975,BC,9.62266253916893e-05
Africa_Southern,UnmanagedLand,GrasslandFiresAEZ02,ProtectedGrasslandFiresAEZ02,1975,OC,0.000718134456406112
Africa_Western,UnmanagedLand,GrasslandFiresAEZ02,ProtectedGrasslandFiresAEZ02,1975,BC,9.38903508831646e-05
Africa_Western,UnmanagedLand,GrasslandFiresAEZ02,ProtectedGrasslandFiresAEZ02,1975,OC,0.000653355669692079
Australia_NZ,UnmanagedLand,GrasslandFiresAEZ02,ProtectedGrasslandFiresAEZ02,1975,BC,9.52677344773469e-05
Australia_NZ,UnmanagedLand,GrasslandFiresAEZ02,ProtectedGrasslandFiresAEZ02,1975,OC,0.000662828699201625
Brazil,UnmanagedLand,GrasslandFiresAEZ02,ProtectedGrasslandFiresAEZ02,1975,BC,7.97550571932228e-05
Brazil,UnmanagedLand,GrasslandFiresAEZ02,ProtectedGrasslandFiresAEZ02,1975,OC,0.000554819286304257
India,UnmanagedLand,GrasslandFiresAEZ02,ProtectedGrasslandFiresAEZ02,1975,BC,2.80360017704832e-05
India,UnmanagedLand,GrasslandFiresAEZ02,ProtectedGrasslandFiresAEZ02,1975,OC,0.000197279539966535
Mexico,UnmanagedLand,GrasslandFiresAEZ02,ProtectedGrasslandFiresAEZ02,1975,BC,6.33345461787933e-05
Mexico,UnmanagedLand,GrasslandFiresAEZ02,ProtectedGrasslandFiresAEZ02,1975,OC,0.000440588139342314
Middle East,UnmanagedLand,GrasslandFiresAEZ02,ProtectedGrasslandFiresAEZ02,1975,BC,1.56079463252335e-10
Middle East,UnmanagedLand,GrasslandFiresAEZ02,ProtectedGrasslandFiresAEZ02,1975,OC,1.08577040639425e-09
South Africa,UnmanagedLand,GrasslandFiresAEZ02,ProtectedGrasslandFiresAEZ02,1975,BC,0.000103927970752007
South Africa,UnmanagedLand,GrasslandFiresAEZ02,ProtectedGrasslandFiresAEZ02,1975,OC,0.000722977165323252
South America_Northern,UnmanagedLand,GrasslandFiresAEZ02,ProtectedGrasslandFiresAEZ02,1975,BC,4.72196273131782e-05
South America_Northern,UnmanagedLand,GrasslandFiresAEZ02,ProtectedGrasslandFiresAEZ02,1975,OC,0.000400446034830856
South America_Southern,UnmanagedLand,GrasslandFiresAEZ02,ProtectedGrasslandFiresAEZ02,1975,BC,1.50583288674161e-06
South America_Southern,UnmanagedLand,GrasslandFiresAEZ02,ProtectedGrasslandFiresAEZ02,1975,OC,1.05050486083742e-05
Colombia,UnmanagedLand,GrasslandFiresAEZ02,ProtectedGrasslandFiresAEZ02,1975,BC,6.07982746479006e-05
Colombia,UnmanagedLand,GrasslandFiresAEZ02,ProtectedGrasslandFiresAEZ02,1975,OC,0.000475646699828574
Africa_Eastern,UnmanagedLand,GrasslandFiresAEZ02,ProtectedGrasslandFiresAEZ02,1990,BC,0.000170718257610337
Africa_Eastern,UnmanagedLand,GrasslandFiresAEZ02,ProtectedGrasslandFiresAEZ02,1990,OC,0.00118760992850123
Africa_Northern,UnmanagedLand,GrasslandFiresAEZ02,ProtectedGrasslandFiresAEZ02,1990,BC,1.63798943388009e-05
Africa_Northern,UnmanagedLand,GrasslandFiresAEZ02,ProtectedGrasslandFiresAEZ02,1990,OC,0.000113947080062769
Africa_Southern,UnmanagedLand,GrasslandFiresAEZ02,ProtectedGrasslandFiresAEZ02,1990,BC,9.62266253916893e-05
Africa_Southern,UnmanagedLand,GrasslandFiresAEZ02,ProtectedGrasslandFiresAEZ02,1990,OC,0.000718134456406112
Africa_Western,UnmanagedLand,GrasslandFiresAEZ02,ProtectedGrasslandFiresAEZ02,1990,BC,9.38903508831646e-05
Africa_Western,UnmanagedLand,GrasslandFiresAEZ02,ProtectedGrasslandFiresAEZ02,1990,OC,0.000653355669692079
Australia_NZ,UnmanagedLand,GrasslandFiresAEZ02,ProtectedGrasslandFiresAEZ02,1990,BC,9.52677344773469e-05
Australia_NZ,UnmanagedLand,GrasslandFiresAEZ02,ProtectedGrasslandFiresAEZ02,1990,OC,0.000662828699201625
Brazil,UnmanagedLand,GrasslandFiresAEZ02,ProtectedGrasslandFiresAEZ02,1990,BC,7.97550571932228e-05
Brazil,UnmanagedLand,GrasslandFiresAEZ02,ProtectedGrasslandFiresAEZ02,1990,OC,0.000554819286304257
India,UnmanagedLand,GrasslandFiresAEZ02,ProtectedGrasslandFiresAEZ02,1990,BC,2.80360017704832e-05
India,UnmanagedLand,GrasslandFiresAEZ02,ProtectedGrasslandFiresAEZ02,1990,OC,0.000197279539966535
Mexico,UnmanagedLand,GrasslandFiresAEZ02,ProtectedGrasslandFiresAEZ02,1990,BC,6.33345461787933e-05
Mexico,UnmanagedLand,GrasslandFiresAEZ02,ProtectedGrasslandFiresAEZ02,1990,OC,0.000440588139342314
Middle East,UnmanagedLand,GrasslandFiresAEZ02,ProtectedGrasslandFiresAEZ02,1990,BC,1.56079463252335e-10
Middle East,UnmanagedLand,GrasslandFiresAEZ02,ProtectedGrasslandFiresAEZ02,1990,OC,1.08577040639425e-09
South Africa,UnmanagedLand,GrasslandFiresAEZ02,ProtectedGrasslandFiresAEZ02,1990,BC,0.000103927970752007
South Africa,UnmanagedLand,GrasslandFiresAEZ02,ProtectedGrasslandFiresAEZ02,1990,OC,0.000722977165323252
South America_Northern,UnmanagedLand,GrasslandFiresAEZ02,ProtectedGrasslandFiresAEZ02,1990,BC,4.72196273131782e-05
South America_Northern,UnmanagedLand,GrasslandFiresAEZ02,ProtectedGrasslandFiresAEZ02,1990,OC,0.000400446034830856
South America_Southern,UnmanagedLand,GrasslandFiresAEZ02,ProtectedGrasslandFiresAEZ02,1990,BC,1.50583288674161e-06
South America_Southern,UnmanagedLand,GrasslandFiresAEZ02,ProtectedGrasslandFiresAEZ02,1990,OC,1.05050486083742e-05
Colombia,UnmanagedLand,GrasslandFiresAEZ02,ProtectedGrasslandFiresAEZ02,1990,BC,6.07982746479006e-05
Colombia,UnmanagedLand,GrasslandFiresAEZ02,ProtectedGrasslandFiresAEZ02,1990,OC,0.000475646699828574
Africa_Eastern,UnmanagedLand,GrasslandFiresAEZ02,ProtectedGrasslandFiresAEZ02,2005,BC,0.000170718257610337
Africa_Eastern,UnmanagedLand,GrasslandFiresAEZ02,ProtectedGrasslandFiresAEZ02,2005,OC,0.00118760992850123
Africa_Northern,UnmanagedLand,GrasslandFiresAEZ02,ProtectedGrasslandFiresAEZ02,2005,BC,1.63798943388009e-05
Africa_Northern,UnmanagedLand,GrasslandFiresAEZ02,ProtectedGrasslandFiresAEZ02,2005,OC,0.000113947080062769
Africa_Southern,UnmanagedLand,GrasslandFiresAEZ02,ProtectedGrasslandFiresAEZ02,2005,BC,9.62266253916893e-05
Africa_Southern,UnmanagedLand,GrasslandFiresAEZ02,ProtectedGrasslandFiresAEZ02,2005,OC,0.000718134456406112
Africa_Western,UnmanagedLand,GrasslandFiresAEZ02,ProtectedGrasslandFiresAEZ02,2005,BC,9.38903508831646e-05
Africa_Western,UnmanagedLand,GrasslandFiresAEZ02,ProtectedGrasslandFiresAEZ02,2005,OC,0.000653355669692079
Australia_NZ,UnmanagedLand,GrasslandFiresAEZ02,ProtectedGrasslandFiresAEZ02,2005,BC,9.52677344773469e-05
Australia_NZ,UnmanagedLand,GrasslandFiresAEZ02,ProtectedGrasslandFiresAEZ02,2005,OC,0.000662828699201625
Brazil,UnmanagedLand,GrasslandFiresAEZ02,ProtectedGrasslandFiresAEZ02,2005,BC,7.97550571932228e-05
Brazil,UnmanagedLand,GrasslandFiresAEZ02,ProtectedGrasslandFiresAEZ02,2005,OC,0.000554819286304257
India,UnmanagedLand,GrasslandFiresAEZ02,ProtectedGrasslandFiresAEZ02,2005,BC,2.80360017704832e-05
India,UnmanagedLand,GrasslandFiresAEZ02,ProtectedGrasslandFiresAEZ02,2005,OC,0.000197279539966535
Mexico,UnmanagedLand,GrasslandFiresAEZ02,ProtectedGrasslandFiresAEZ02,2005,BC,6.33345461787933e-05
Mexico,UnmanagedLand,GrasslandFiresAEZ02,ProtectedGrasslandFiresAEZ02,2005,OC,0.000440588139342314
Middle East,UnmanagedLand,GrasslandFiresAEZ02,ProtectedGrasslandFiresAEZ02,2005,BC,1.56079463252335e-10
Middle East,UnmanagedLand,GrasslandFiresAEZ02,ProtectedGrasslandFiresAEZ02,2005,OC,1.08577040639425e-09
South Africa,UnmanagedLand,GrasslandFiresAEZ02,ProtectedGrasslandFiresAEZ02,2005,BC,0.000103927970752007
South Africa,UnmanagedLand,GrasslandFiresAEZ02,ProtectedGrasslandFiresAEZ02,2005,OC,0.000722977165323252
South America_Northern,UnmanagedLand,GrasslandFiresAEZ02,ProtectedGrasslandFiresAEZ02,2005,BC,4.72196273131782e-05
South America_Northern,UnmanagedLand,GrasslandFiresAEZ02,ProtectedGrasslandFiresAEZ02,2005,OC,0.000400446034830856
South America_Southern,UnmanagedLand,GrasslandFiresAEZ02,ProtectedGrasslandFiresAEZ02,2005,BC,1.50583288674161e-06
South America_Southern,UnmanagedLand,GrasslandFiresAEZ02,ProtectedGrasslandFiresAEZ02,2005,OC,1.05050486083742e-05
Colombia,UnmanagedLand,GrasslandFiresAEZ02,ProtectedGrasslandFiresAEZ02,2005,BC,6.07982746479006e-05
Colombia,UnmanagedLand,GrasslandFiresAEZ02,ProtectedGrasslandFiresAEZ02,2005,OC,0.000475646699828574
Africa_Eastern,UnmanagedLand,GrasslandFiresAEZ03,ProtectedGrasslandFiresAEZ03,1975,BC,0.000170718257610337
Africa_Eastern,UnmanagedLand,GrasslandFiresAEZ03,ProtectedGrasslandFiresAEZ03,1975,OC,0.00118760992850123
Africa_Northern,UnmanagedLand,GrasslandFiresAEZ03,ProtectedGrasslandFiresAEZ03,1975,BC,1.63798943388009e-05
Africa_Northern,UnmanagedLand,GrasslandFiresAEZ03,ProtectedGrasslandFiresAEZ03,1975,OC,0.000113947080062769
Africa_Southern,UnmanagedLand,GrasslandFiresAEZ03,ProtectedGrasslandFiresAEZ03,1975,BC,9.62266253916893e-05
Africa_Southern,UnmanagedLand,GrasslandFiresAEZ03,ProtectedGrasslandFiresAEZ03,1975,OC,0.000718134456406112
Africa_Western,UnmanagedLand,GrasslandFiresAEZ03,ProtectedGrasslandFiresAEZ03,1975,BC,9.38903508831646e-05
Africa_Western,UnmanagedLand,GrasslandFiresAEZ03,ProtectedGrasslandFiresAEZ03,1975,OC,0.000653355669692079
Australia_NZ,UnmanagedLand,GrasslandFiresAEZ03,ProtectedGrasslandFiresAEZ03,1975,BC,9.52677344773469e-05
Australia_NZ,UnmanagedLand,GrasslandFiresAEZ03,ProtectedGrasslandFiresAEZ03,1975,OC,0.000662828699201625
Brazil,UnmanagedLand,GrasslandFiresAEZ03,ProtectedGrasslandFiresAEZ03,1975,BC,7.97550571932228e-05
Brazil,UnmanagedLand,GrasslandFiresAEZ03,ProtectedGrasslandFiresAEZ03,1975,OC,0.000554819286304257
India,UnmanagedLand,GrasslandFiresAEZ03,ProtectedGrasslandFiresAEZ03,1975,BC,2.80360017704832e-05
India,UnmanagedLand,GrasslandFiresAEZ03,ProtectedGrasslandFiresAEZ03,1975,OC,0.000197279539966535
Mexico,UnmanagedLand,GrasslandFiresAEZ03,ProtectedGrasslandFiresAEZ03,1975,BC,6.33345461787933e-05
Mexico,UnmanagedLand,GrasslandFiresAEZ03,ProtectedGrasslandFiresAEZ03,1975,OC,0.000440588139342314
Middle East,UnmanagedLand,GrasslandFiresAEZ03,ProtectedGrasslandFiresAEZ03,1975,BC,1.56079463252335e-10
Middle East,UnmanagedLand,GrasslandFiresAEZ03,ProtectedGrasslandFiresAEZ03,1975,OC,1.08577040639425e-09
South Africa,UnmanagedLand,GrasslandFiresAEZ03,ProtectedGrasslandFiresAEZ03,1975,BC,0.000103927970752007
South Africa,UnmanagedLand,GrasslandFiresAEZ03,ProtectedGrasslandFiresAEZ03,1975,OC,0.000722977165323252
South America_Northern,UnmanagedLand,GrasslandFiresAEZ03,ProtectedGrasslandFiresAEZ03,1975,BC,4.72196273131782e-05
South America_Northern,UnmanagedLand,GrasslandFiresAEZ03,ProtectedGrasslandFiresAEZ03,1975,OC,0.000400446034830856
South America_Southern,UnmanagedLand,GrasslandFiresAEZ03,ProtectedGrasslandFiresAEZ03,1975,BC,1.50583288674161e-06
South America_Southern,UnmanagedLand,GrasslandFiresAEZ03,ProtectedGrasslandFiresAEZ03,1975,OC,1.05050486083742e-05
South Asia,UnmanagedLand,GrasslandFiresAEZ03,ProtectedGrasslandFiresAEZ03,1975,BC,9.13725193240289e-07
South Asia,UnmanagedLand,GrasslandFiresAEZ03,ProtectedGrasslandFiresAEZ03,1975,OC,6.35634884309406e-06
Colombia,UnmanagedLand,GrasslandFiresAEZ03,ProtectedGrasslandFiresAEZ03,1975,BC,6.07982746479006e-05
Colombia,UnmanagedLand,GrasslandFiresAEZ03,ProtectedGrasslandFiresAEZ03,1975,OC,0.000475646699828574
Africa_Eastern,UnmanagedLand,GrasslandFiresAEZ03,ProtectedGrasslandFiresAEZ03,1990,BC,0.000170718257610337
Africa_Eastern,UnmanagedLand,GrasslandFiresAEZ03,ProtectedGrasslandFiresAEZ03,1990,OC,0.00118760992850123
Africa_Northern,UnmanagedLand,GrasslandFiresAEZ03,ProtectedGrasslandFiresAEZ03,1990,BC,1.63798943388009e-05
Africa_Northern,UnmanagedLand,GrasslandFiresAEZ03,ProtectedGrasslandFiresAEZ03,1990,OC,0.000113947080062769
Africa_Southern,UnmanagedLand,GrasslandFiresAEZ03,ProtectedGrasslandFiresAEZ03,1990,BC,9.62266253916893e-05
Africa_Southern,UnmanagedLand,GrasslandFiresAEZ03,ProtectedGrasslandFiresAEZ03,1990,OC,0.000718134456406112
Africa_Western,UnmanagedLand,GrasslandFiresAEZ03,ProtectedGrasslandFiresAEZ03,1990,BC,9.38903508831646e-05
Africa_Western,UnmanagedLand,GrasslandFiresAEZ03,ProtectedGrasslandFiresAEZ03,1990,OC,0.000653355669692079
Australia_NZ,UnmanagedLand,GrasslandFiresAEZ03,ProtectedGrasslandFiresAEZ03,1990,BC,9.52677344773469e-05
Australia_NZ,UnmanagedLand,GrasslandFiresAEZ03,ProtectedGrasslandFiresAEZ03,1990,OC,0.000662828699201625
Brazil,UnmanagedLand,GrasslandFiresAEZ03,ProtectedGrasslandFiresAEZ03,1990,BC,7.97550571932228e-05
Brazil,UnmanagedLand,GrasslandFiresAEZ03,ProtectedGrasslandFiresAEZ03,1990,OC,0.000554819286304257
India,UnmanagedLand,GrasslandFiresAEZ03,ProtectedGrasslandFiresAEZ03,1990,BC,2.80360017704832e-05
India,UnmanagedLand,GrasslandFiresAEZ03,ProtectedGrasslandFiresAEZ03,1990,OC,0.000197279539966535
Mexico,UnmanagedLand,GrasslandFiresAEZ03,ProtectedGrasslandFiresAEZ03,1990,BC,6.33345461787933e-05
Mexico,UnmanagedLand,GrasslandFiresAEZ03,ProtectedGrasslandFiresAEZ03,1990,OC,0.000440588139342314
Middle East,UnmanagedLand,GrasslandFiresAEZ03,ProtectedGrasslandFiresAEZ03,1990,BC,1.56079463252335e-10
Middle East,UnmanagedLand,GrasslandFiresAEZ03,ProtectedGrasslandFiresAEZ03,1990,OC,1.08577040639425e-09
South Africa,UnmanagedLand,GrasslandFiresAEZ03,ProtectedGrasslandFiresAEZ03,1990,BC,0.000103927970752007
South Africa,UnmanagedLand,GrasslandFiresAEZ03,ProtectedGrasslandFiresAEZ03,1990,OC,0.000722977165323252
South America_Northern,UnmanagedLand,GrasslandFiresAEZ03,ProtectedGrasslandFiresAEZ03,1990,BC,4.72196273131782e-05
South America_Northern,UnmanagedLand,GrasslandFiresAEZ03,ProtectedGrasslandFiresAEZ03,1990,OC,0.000400446034830856
South America_Southern,UnmanagedLand,GrasslandFiresAEZ03,ProtectedGrasslandFiresAEZ03,1990,BC,1.50583288674161e-06
South America_Southern,UnmanagedLand,GrasslandFiresAEZ03,ProtectedGrasslandFiresAEZ03,1990,OC,1.05050486083742e-05
South Asia,UnmanagedLand,GrasslandFiresAEZ03,ProtectedGrasslandFiresAEZ03,1990,BC,9.13725193240289e-07
South Asia,UnmanagedLand,GrasslandFiresAEZ03,ProtectedGrasslandFiresAEZ03,1990,OC,6.35634884309406e-06
Colombia,UnmanagedLand,GrasslandFiresAEZ03,ProtectedGrasslandFiresAEZ03,1990,BC,6.07982746479006e-05
Colombia,UnmanagedLand,GrasslandFiresAEZ03,ProtectedGrasslandFiresAEZ03,1990,OC,0.000475646699828574
Africa_Eastern,UnmanagedLand,GrasslandFiresAEZ03,ProtectedGrasslandFiresAEZ03,2005,BC,0.000170718257610337
Africa_Eastern,UnmanagedLand,GrasslandFiresAEZ03,ProtectedGrasslandFiresAEZ03,2005,OC,0.00118760992850123
Africa_Northern,UnmanagedLand,GrasslandFiresAEZ03,ProtectedGrasslandFiresAEZ03,2005,BC,1.63798943388009e-05
Africa_Northern,UnmanagedLand,GrasslandFiresAEZ03,ProtectedGrasslandFiresAEZ03,2005,OC,0.000113947080062769
Africa_Southern,UnmanagedLand,GrasslandFiresAEZ03,ProtectedGrasslandFiresAEZ03,2005,BC,9.62266253916893e-05
Africa_Southern,UnmanagedLand,GrasslandFiresAEZ03,ProtectedGrasslandFiresAEZ03,2005,OC,0.000718134456406112
Africa_Western,UnmanagedLand,GrasslandFiresAEZ03,ProtectedGrasslandFiresAEZ03,2005,BC,9.38903508831646e-05
Africa_Western,UnmanagedLand,GrasslandFiresAEZ03,ProtectedGrasslandFiresAEZ03,2005,OC,0.000653355669692079
Australia_NZ,UnmanagedLand,GrasslandFiresAEZ03,ProtectedGrasslandFiresAEZ03,2005,BC,9.52677344773469e-05
Australia_NZ,UnmanagedLand,GrasslandFiresAEZ03,ProtectedGrasslandFiresAEZ03,2005,OC,0.000662828699201625
Brazil,UnmanagedLand,GrasslandFiresAEZ03,ProtectedGrasslandFiresAEZ03,2005,BC,7.97550571932228e-05
Brazil,UnmanagedLand,GrasslandFiresAEZ03,ProtectedGrasslandFiresAEZ03,2005,OC,0.000554819286304257
India,UnmanagedLand,GrasslandFiresAEZ03,ProtectedGrasslandFiresAEZ03,2005,BC,2.80360017704832e-05
India,UnmanagedLand,GrasslandFiresAEZ03,ProtectedGrasslandFiresAEZ03,2005,OC,0.000197279539966535
Mexico,UnmanagedLand,GrasslandFiresAEZ03,ProtectedGrasslandFiresAEZ03,2005,BC,6.33345461787933e-05
Mexico,UnmanagedLand,GrasslandFiresAEZ03,ProtectedGrasslandFiresAEZ03,2005,OC,0.000440588139342314
Middle East,UnmanagedLand,GrasslandFiresAEZ03,ProtectedGrasslandFiresAEZ03,2005,BC,1.56079463252335e-10
Middle East,UnmanagedLand,GrasslandFiresAEZ03,ProtectedGrasslandFiresAEZ03,2005,OC,1.08577040639425e-09
South Africa,UnmanagedLand,GrasslandFiresAEZ03,ProtectedGrasslandFiresAEZ03,2005,BC,0.000103927970752007
South Africa,UnmanagedLand,GrasslandFiresAEZ03,ProtectedGrasslandFiresAEZ03,2005,OC,0.000722977165323252
South America_Northern,UnmanagedLand,GrasslandFiresAEZ03,ProtectedGrasslandFiresAEZ03,2005,BC,4.72196273131782e-05
South America_Northern,UnmanagedLand,GrasslandFiresAEZ03,ProtectedGrasslandFiresAEZ03,2005,OC,0.000400446034830856
South America_Southern,UnmanagedLand,GrasslandFiresAEZ03,ProtectedGrasslandFiresAEZ03,2005,BC,1.50583288674161e-06
South America_Southern,UnmanagedLand,GrasslandFiresAEZ03,ProtectedGrasslandFiresAEZ03,2005,OC,1.05050486083742e-05
South Asia,UnmanagedLand,GrasslandFiresAEZ03,ProtectedGrasslandFiresAEZ03,2005,BC,9.13725193240289e-07
South Asia,UnmanagedLand,GrasslandFiresAEZ03,ProtectedGrasslandFiresAEZ03,2005,OC,6.35634884309406e-06
Colombia,UnmanagedLand,GrasslandFiresAEZ03,ProtectedGrasslandFiresAEZ03,2005,BC,6.07982746479006e-05
Colombia,UnmanagedLand,GrasslandFiresAEZ03,ProtectedGrasslandFiresAEZ03,2005,OC,0.000475646699828574
Africa_Eastern,UnmanagedLand,GrasslandFiresAEZ04,ProtectedGrasslandFiresAEZ04,1975,BC,0.000170718257610337
Africa_Eastern,UnmanagedLand,GrasslandFiresAEZ04,ProtectedGrasslandFiresAEZ04,1975,OC,0.00118760992850123
Africa_Northern,UnmanagedLand,GrasslandFiresAEZ04,ProtectedGrasslandFiresAEZ04,1975,BC,1.63798943388009e-05
Africa_Northern,UnmanagedLand,GrasslandFiresAEZ04,ProtectedGrasslandFiresAEZ04,1975,OC,0.000113947080062769
Africa_Southern,UnmanagedLand,GrasslandFiresAEZ04,ProtectedGrasslandFiresAEZ04,1975,BC,9.62266253916893e-05
Africa_Southern,UnmanagedLand,GrasslandFiresAEZ04,ProtectedGrasslandFiresAEZ04,1975,OC,0.000718134456406112
Africa_Western,UnmanagedLand,GrasslandFiresAEZ04,ProtectedGrasslandFiresAEZ04,1975,BC,9.38903508831646e-05
Africa_Western,UnmanagedLand,GrasslandFiresAEZ04,ProtectedGrasslandFiresAEZ04,1975,OC,0.000653355669692079
Australia_NZ,UnmanagedLand,GrasslandFiresAEZ04,ProtectedGrasslandFiresAEZ04,1975,BC,9.52677344773469e-05
Australia_NZ,UnmanagedLand,GrasslandFiresAEZ04,ProtectedGrasslandFiresAEZ04,1975,OC,0.000662828699201625
Brazil,UnmanagedLand,GrasslandFiresAEZ04,ProtectedGrasslandFiresAEZ04,1975,BC,7.97550571932228e-05
Brazil,UnmanagedLand,GrasslandFiresAEZ04,ProtectedGrasslandFiresAEZ04,1975,OC,0.000554819286304257
Central America and Caribbean,UnmanagedLand,GrasslandFiresAEZ04,ProtectedGrasslandFiresAEZ04,1975,BC,6.10857928444184e-05
Central America and Caribbean,UnmanagedLand,GrasslandFiresAEZ04,ProtectedGrasslandFiresAEZ04,1975,OC,0.000527118299308144
China,UnmanagedLand,GrasslandFiresAEZ04,ProtectedGrasslandFiresAEZ04,1975,BC,8.67547280250524e-06
China,UnmanagedLand,GrasslandFiresAEZ04,ProtectedGrasslandFiresAEZ04,1975,OC,6.21274225970494e-05
EU-15,UnmanagedLand,GrasslandFiresAEZ04,ProtectedGrasslandFiresAEZ04,1975,BC,0
EU-15,UnmanagedLand,GrasslandFiresAEZ04,ProtectedGrasslandFiresAEZ04,1975,OC,0
India,UnmanagedLand,GrasslandFiresAEZ04,ProtectedGrasslandFiresAEZ04,1975,BC,2.80360017704832e-05
India,UnmanagedLand,GrasslandFiresAEZ04,ProtectedGrasslandFiresAEZ04,1975,OC,0.000197279539966535
Indonesia,UnmanagedLand,GrasslandFiresAEZ04,ProtectedGrasslandFiresAEZ04,1975,BC,6.7171199183967e-05
Indonesia,UnmanagedLand,GrasslandFiresAEZ04,ProtectedGrasslandFiresAEZ04,1975,OC,0.000603193657809262
Mexico,UnmanagedLand,GrasslandFiresAEZ04,ProtectedGrasslandFiresAEZ04,1975,BC,6.33345461787933e-05
Mexico,UnmanagedLand,GrasslandFiresAEZ04,ProtectedGrasslandFiresAEZ04,1975,OC,0.000440588139342314
South Africa,UnmanagedLand,GrasslandFiresAEZ04,ProtectedGrasslandFiresAEZ04,1975,BC,0.000103927970752007
South Africa,UnmanagedLand,GrasslandFiresAEZ04,ProtectedGrasslandFiresAEZ04,1975,OC,0.000722977165323252
South America_Northern,UnmanagedLand,GrasslandFiresAEZ04,ProtectedGrasslandFiresAEZ04,1975,BC,4.72196273131782e-05
South America_Northern,UnmanagedLand,GrasslandFiresAEZ04,ProtectedGrasslandFiresAEZ04,1975,OC,0.000400446034830856
South America_Southern,UnmanagedLand,GrasslandFiresAEZ04,ProtectedGrasslandFiresAEZ04,1975,BC,1.50583288674161e-06
South America_Southern,UnmanagedLand,GrasslandFiresAEZ04,ProtectedGrasslandFiresAEZ04,1975,OC,1.05050486083742e-05
South Asia,UnmanagedLand,GrasslandFiresAEZ04,ProtectedGrasslandFiresAEZ04,1975,BC,9.13725193240289e-07
South Asia,UnmanagedLand,GrasslandFiresAEZ04,ProtectedGrasslandFiresAEZ04,1975,OC,6.35634884309406e-06
Southeast Asia,UnmanagedLand,GrasslandFiresAEZ04,ProtectedGrasslandFiresAEZ04,1975,BC,2.63870306072166e-05
Southeast Asia,UnmanagedLand,GrasslandFiresAEZ04,ProtectedGrasslandFiresAEZ04,1975,OC,0.000183561942943689
Colombia,UnmanagedLand,GrasslandFiresAEZ04,ProtectedGrasslandFiresAEZ04,1975,BC,6.07982746479006e-05
Colombia,UnmanagedLand,GrasslandFiresAEZ04,ProtectedGrasslandFiresAEZ04,1975,OC,0.000475646699828574
Africa_Eastern,UnmanagedLand,GrasslandFiresAEZ04,ProtectedGrasslandFiresAEZ04,1990,BC,0.000170718257610337
Africa_Eastern,UnmanagedLand,GrasslandFiresAEZ04,ProtectedGrasslandFiresAEZ04,1990,OC,0.00118760992850123
Africa_Northern,UnmanagedLand,GrasslandFiresAEZ04,ProtectedGrasslandFiresAEZ04,1990,BC,1.63798943388009e-05
Africa_Northern,UnmanagedLand,GrasslandFiresAEZ04,ProtectedGrasslandFiresAEZ04,1990,OC,0.000113947080062769
Africa_Southern,UnmanagedLand,GrasslandFiresAEZ04,ProtectedGrasslandFiresAEZ04,1990,BC,9.62266253916893e-05
Africa_Southern,UnmanagedLand,GrasslandFiresAEZ04,ProtectedGrasslandFiresAEZ04,1990,OC,0.000718134456406112
Africa_Western,UnmanagedLand,GrasslandFiresAEZ04,ProtectedGrasslandFiresAEZ04,1990,BC,9.38903508831646e-05
Africa_Western,UnmanagedLand,GrasslandFiresAEZ04,ProtectedGrasslandFiresAEZ04,1990,OC,0.000653355669692079
Australia_NZ,UnmanagedLand,GrasslandFiresAEZ04,ProtectedGrasslandFiresAEZ04,1990,BC,9.52677344773469e-05
Australia_NZ,UnmanagedLand,GrasslandFiresAEZ04,ProtectedGrasslandFiresAEZ04,1990,OC,0.000662828699201625
Brazil,UnmanagedLand,GrasslandFiresAEZ04,ProtectedGrasslandFiresAEZ04,1990,BC,7.97550571932228e-05
Brazil,UnmanagedLand,GrasslandFiresAEZ04,ProtectedGrasslandFiresAEZ04,1990,OC,0.000554819286304257
Central America and Caribbean,UnmanagedLand,GrasslandFiresAEZ04,ProtectedGrasslandFiresAEZ04,1990,BC,6.10857928444184e-05
Central America and Caribbean,UnmanagedLand,GrasslandFiresAEZ04,ProtectedGrasslandFiresAEZ04,1990,OC,0.000527118299308144
China,UnmanagedLand,GrasslandFiresAEZ04,ProtectedGrasslandFiresAEZ04,1990,BC,8.67547280250524e-06
China,UnmanagedLand,GrasslandFiresAEZ04,ProtectedGrasslandFiresAEZ04,1990,OC,6.21274225970494e-05
EU-15,UnmanagedLand,GrasslandFiresAEZ04,ProtectedGrasslandFiresAEZ04,1990,BC,0
EU-15,UnmanagedLand,GrasslandFiresAEZ04,ProtectedGrasslandFiresAEZ04,1990,OC,0
India,UnmanagedLand,GrasslandFiresAEZ04,ProtectedGrasslandFiresAEZ04,1990,BC,2.80360017704832e-05
India,UnmanagedLand,GrasslandFiresAEZ04,ProtectedGrasslandFiresAEZ04,1990,OC,0.000197279539966535
Indonesia,UnmanagedLand,GrasslandFiresAEZ04,ProtectedGrasslandFiresAEZ04,1990,BC,6.7171199183967e-05
Indonesia,UnmanagedLand,GrasslandFiresAEZ04,ProtectedGrasslandFiresAEZ04,1990,OC,0.000603193657809262
Mexico,UnmanagedLand,GrasslandFiresAEZ04,ProtectedGrasslandFiresAEZ04,1990,BC,6.33345461787933e-05
Mexico,UnmanagedLand,GrasslandFiresAEZ04,ProtectedGrasslandFiresAEZ04,1990,OC,0.000440588139342314
South Africa,UnmanagedLand,GrasslandFiresAEZ04,ProtectedGrasslandFiresAEZ04,1990,BC,0.000103927970752007
South Africa,UnmanagedLand,GrasslandFiresAEZ04,ProtectedGrasslandFiresAEZ04,1990,OC,0.000722977165323252
South America_Northern,UnmanagedLand,GrasslandFiresAEZ04,ProtectedGrasslandFiresAEZ04,1990,BC,4.72196273131782e-05
South America_Northern,UnmanagedLand,GrasslandFiresAEZ04,ProtectedGrasslandFiresAEZ04,1990,OC,0.000400446034830856
South America_Southern,UnmanagedLand,GrasslandFiresAEZ04,ProtectedGrasslandFiresAEZ04,1990,BC,1.50583288674161e-06
South America_Southern,UnmanagedLand,GrasslandFiresAEZ04,ProtectedGrasslandFiresAEZ04,1990,OC,1.05050486083742e-05
South Asia,UnmanagedLand,GrasslandFiresAEZ04,ProtectedGrasslandFiresAEZ04,1990,BC,9.13725193240289e-07
South Asia,UnmanagedLand,GrasslandFiresAEZ04,ProtectedGrasslandFiresAEZ04,1990,OC,6.35634884309406e-06
Southeast Asia,UnmanagedLand,GrasslandFiresAEZ04,ProtectedGrasslandFiresAEZ04,1990,BC,2.63870306072166e-05
Southeast Asia,UnmanagedLand,GrasslandFiresAEZ04,ProtectedGrasslandFiresAEZ04,1990,OC,0.000183561942943689
Colombia,UnmanagedLand,GrasslandFiresAEZ04,ProtectedGrasslandFiresAEZ04,1990,BC,6.07982746479006e-05
Colombia,UnmanagedLand,GrasslandFiresAEZ04,ProtectedGrasslandFiresAEZ04,1990,OC,0.000475646699828574
Africa_Eastern,UnmanagedLand,GrasslandFiresAEZ04,ProtectedGrasslandFiresAEZ04,2005,BC,0.000170718257610337
Africa_Eastern,UnmanagedLand,GrasslandFiresAEZ04,ProtectedGrasslandFiresAEZ04,2005,OC,0.00118760992850123
Africa_Northern,UnmanagedLand,GrasslandFiresAEZ04,ProtectedGrasslandFiresAEZ04,2005,BC,1.63798943388009e-05
Africa_Northern,UnmanagedLand,GrasslandFiresAEZ04,ProtectedGrasslandFiresAEZ04,2005,OC,0.000113947080062769
Africa_Southern,UnmanagedLand,GrasslandFiresAEZ04,ProtectedGrasslandFiresAEZ04,2005,BC,9.62266253916893e-05
Africa_Southern,UnmanagedLand,GrasslandFiresAEZ04,ProtectedGrasslandFiresAEZ04,2005,OC,0.000718134456406112
Africa_Western,UnmanagedLand,GrasslandFiresAEZ04,ProtectedGrasslandFiresAEZ04,2005,BC,9.38903508831646e-05
Africa_Western,UnmanagedLand,GrasslandFiresAEZ04,ProtectedGrasslandFiresAEZ04,2005,OC,0.000653355669692079
Australia_NZ,UnmanagedLand,GrasslandFiresAEZ04,ProtectedGrasslandFiresAEZ04,2005,BC,9.52677344773469e-05
Australia_NZ,UnmanagedLand,GrasslandFiresAEZ04,ProtectedGrasslandFiresAEZ04,2005,OC,0.000662828699201625
Brazil,UnmanagedLand,GrasslandFiresAEZ04,ProtectedGrasslandFiresAEZ04,2005,BC,7.97550571932228e-05
Brazil,UnmanagedLand,GrasslandFiresAEZ04,ProtectedGrasslandFiresAEZ04,2005,OC,0.000554819286304257
Central America and Caribbean,UnmanagedLand,GrasslandFiresAEZ04,ProtectedGrasslandFiresAEZ04,2005,BC,6.10857928444184e-05
Central America and Caribbean,UnmanagedLand,GrasslandFiresAEZ04,ProtectedGrasslandFiresAEZ04,2005,OC,0.000527118299308144
China,UnmanagedLand,GrasslandFiresAEZ04,ProtectedGrasslandFiresAEZ04,2005,BC,8.67547280250524e-06
China,UnmanagedLand,GrasslandFiresAEZ04,ProtectedGrasslandFiresAEZ04,2005,OC,6.21274225970494e-05
EU-15,UnmanagedLand,GrasslandFiresAEZ04,ProtectedGrasslandFiresAEZ04,2005,BC,0
EU-15,UnmanagedLand,GrasslandFiresAEZ04,ProtectedGrasslandFiresAEZ04,2005,OC,0
India,UnmanagedLand,GrasslandFiresAEZ04,ProtectedGrasslandFiresAEZ04,2005,BC,2.80360017704832e-05
India,UnmanagedLand,GrasslandFiresAEZ04,ProtectedGrasslandFiresAEZ04,2005,OC,0.000197279539966535
Indonesia,UnmanagedLand,GrasslandFiresAEZ04,ProtectedGrasslandFiresAEZ04,2005,BC,6.7171199183967e-05
Indonesia,UnmanagedLand,GrasslandFiresAEZ04,ProtectedGrasslandFiresAEZ04,2005,OC,0.000603193657809262
Mexico,UnmanagedLand,GrasslandFiresAEZ04,ProtectedGrasslandFiresAEZ04,2005,BC,6.33345461787933e-05
Mexico,UnmanagedLand,GrasslandFiresAEZ04,ProtectedGrasslandFiresAEZ04,2005,OC,0.000440588139342314
South Africa,UnmanagedLand,GrasslandFiresAEZ04,ProtectedGrasslandFiresAEZ04,2005,BC,0.000103927970752007
South Africa,UnmanagedLand,GrasslandFiresAEZ04,ProtectedGrasslandFiresAEZ04,2005,OC,0.000722977165323252
South America_Northern,UnmanagedLand,GrasslandFiresAEZ04,ProtectedGrasslandFiresAEZ04,2005,BC,4.72196273131782e-05
South America_Northern,UnmanagedLand,GrasslandFiresAEZ04,ProtectedGrasslandFiresAEZ04,2005,OC,0.000400446034830856
South America_Southern,UnmanagedLand,GrasslandFiresAEZ04,ProtectedGrasslandFiresAEZ04,2005,BC,1.50583288674161e-06
South America_Southern,UnmanagedLand,GrasslandFiresAEZ04,ProtectedGrasslandFiresAEZ04,2005,OC,1.05050486083742e-05
South Asia,UnmanagedLand,GrasslandFiresAEZ04,ProtectedGrasslandFiresAEZ04,2005,BC,9.13725193240289e-07
South Asia,UnmanagedLand,GrasslandFiresAEZ04,ProtectedGrasslandFiresAEZ04,2005,OC,6.35634884309406e-06
Southeast Asia,UnmanagedLand,GrasslandFiresAEZ04,ProtectedGrasslandFiresAEZ04,2005,BC,2.63870306072166e-05
Southeast Asia,UnmanagedLand,GrasslandFiresAEZ04,ProtectedGrasslandFiresAEZ04,2005,OC,0.000183561942943689
Colombia,UnmanagedLand,GrasslandFiresAEZ04,ProtectedGrasslandFiresAEZ04,2005,BC,6.07982746479006e-05
Colombia,UnmanagedLand,GrasslandFiresAEZ04,ProtectedGrasslandFiresAEZ04,2005,OC,0.000475646699828574
Africa_Eastern,UnmanagedLand,GrasslandFiresAEZ05,ProtectedGrasslandFiresAEZ05,1975,BC,0.000170718257610337
Africa_Eastern,UnmanagedLand,GrasslandFiresAEZ05,ProtectedGrasslandFiresAEZ05,1975,OC,0.00118760992850123
Africa_Southern,UnmanagedLand,GrasslandFiresAEZ05,ProtectedGrasslandFiresAEZ05,1975,BC,9.62266253916893e-05
Africa_Southern,UnmanagedLand,GrasslandFiresAEZ05,ProtectedGrasslandFiresAEZ05,1975,OC,0.000718134456406112
Africa_Western,UnmanagedLand,GrasslandFiresAEZ05,ProtectedGrasslandFiresAEZ05,1975,BC,9.38903508831646e-05
Africa_Western,UnmanagedLand,GrasslandFiresAEZ05,ProtectedGrasslandFiresAEZ05,1975,OC,0.000653355669692079
Australia_NZ,UnmanagedLand,GrasslandFiresAEZ05,ProtectedGrasslandFiresAEZ05,1975,BC,9.52677344773469e-05
Australia_NZ,UnmanagedLand,GrasslandFiresAEZ05,ProtectedGrasslandFiresAEZ05,1975,OC,0.000662828699201625
Brazil,UnmanagedLand,GrasslandFiresAEZ05,ProtectedGrasslandFiresAEZ05,1975,BC,7.97550571932228e-05
Brazil,UnmanagedLand,GrasslandFiresAEZ05,ProtectedGrasslandFiresAEZ05,1975,OC,0.000554819286304257
Central America and Caribbean,UnmanagedLand,GrasslandFiresAEZ05,ProtectedGrasslandFiresAEZ05,1975,BC,6.10857928444184e-05
Central America and Caribbean,UnmanagedLand,GrasslandFiresAEZ05,ProtectedGrasslandFiresAEZ05,1975,OC,0.000527118299308144
China,UnmanagedLand,GrasslandFiresAEZ05,ProtectedGrasslandFiresAEZ05,1975,BC,8.67547280250524e-06
China,UnmanagedLand,GrasslandFiresAEZ05,ProtectedGrasslandFiresAEZ05,1975,OC,6.21274225970494e-05
India,UnmanagedLand,GrasslandFiresAEZ05,ProtectedGrasslandFiresAEZ05,1975,BC,2.80360017704832e-05
India,UnmanagedLand,GrasslandFiresAEZ05,ProtectedGrasslandFiresAEZ05,1975,OC,0.000197279539966535
Indonesia,UnmanagedLand,GrasslandFiresAEZ05,ProtectedGrasslandFiresAEZ05,1975,BC,6.7171199183967e-05
Indonesia,UnmanagedLand,GrasslandFiresAEZ05,ProtectedGrasslandFiresAEZ05,1975,OC,0.000603193657809262
Mexico,UnmanagedLand,GrasslandFiresAEZ05,ProtectedGrasslandFiresAEZ05,1975,BC,6.33345461787933e-05
Mexico,UnmanagedLand,GrasslandFiresAEZ05,ProtectedGrasslandFiresAEZ05,1975,OC,0.000440588139342314
South Africa,UnmanagedLand,GrasslandFiresAEZ05,ProtectedGrasslandFiresAEZ05,1975,BC,0.000103927970752007
South Africa,UnmanagedLand,GrasslandFiresAEZ05,ProtectedGrasslandFiresAEZ05,1975,OC,0.000722977165323252
South America_Northern,UnmanagedLand,GrasslandFiresAEZ05,ProtectedGrasslandFiresAEZ05,1975,BC,4.72196273131782e-05
South America_Northern,UnmanagedLand,GrasslandFiresAEZ05,ProtectedGrasslandFiresAEZ05,1975,OC,0.000400446034830856
South America_Southern,UnmanagedLand,GrasslandFiresAEZ05,ProtectedGrasslandFiresAEZ05,1975,BC,1.50583288674161e-06
South America_Southern,UnmanagedLand,GrasslandFiresAEZ05,ProtectedGrasslandFiresAEZ05,1975,OC,1.05050486083742e-05
South Asia,UnmanagedLand,GrasslandFiresAEZ05,ProtectedGrasslandFiresAEZ05,1975,BC,9.13725193240289e-07
South Asia,UnmanagedLand,GrasslandFiresAEZ05,ProtectedGrasslandFiresAEZ05,1975,OC,6.35634884309406e-06
Southeast Asia,UnmanagedLand,GrasslandFiresAEZ05,ProtectedGrasslandFiresAEZ05,1975,BC,2.63870306072166e-05
Southeast Asia,UnmanagedLand,GrasslandFiresAEZ05,ProtectedGrasslandFiresAEZ05,1975,OC,0.000183561942943689
Colombia,UnmanagedLand,GrasslandFiresAEZ05,ProtectedGrasslandFiresAEZ05,1975,BC,6.07982746479006e-05
Colombia,UnmanagedLand,GrasslandFiresAEZ05,ProtectedGrasslandFiresAEZ05,1975,OC,0.000475646699828574
Africa_Eastern,UnmanagedLand,GrasslandFiresAEZ05,ProtectedGrasslandFiresAEZ05,1990,BC,0.000170718257610337
Africa_Eastern,UnmanagedLand,GrasslandFiresAEZ05,ProtectedGrasslandFiresAEZ05,1990,OC,0.00118760992850123
Africa_Southern,UnmanagedLand,GrasslandFiresAEZ05,ProtectedGrasslandFiresAEZ05,1990,BC,9.62266253916893e-05
Africa_Southern,UnmanagedLand,GrasslandFiresAEZ05,ProtectedGrasslandFiresAEZ05,1990,OC,0.000718134456406112
Africa_Western,UnmanagedLand,GrasslandFiresAEZ05,ProtectedGrasslandFiresAEZ05,1990,BC,9.38903508831646e-05
Africa_Western,UnmanagedLand,GrasslandFiresAEZ05,ProtectedGrasslandFiresAEZ05,1990,OC,0.000653355669692079
Australia_NZ,UnmanagedLand,GrasslandFiresAEZ05,ProtectedGrasslandFiresAEZ05,1990,BC,9.52677344773469e-05
Australia_NZ,UnmanagedLand,GrasslandFiresAEZ05,ProtectedGrasslandFiresAEZ05,1990,OC,0.000662828699201625
Brazil,UnmanagedLand,GrasslandFiresAEZ05,ProtectedGrasslandFiresAEZ05,1990,BC,7.97550571932228e-05
Brazil,UnmanagedLand,GrasslandFiresAEZ05,ProtectedGrasslandFiresAEZ05,1990,OC,0.000554819286304257
Central America and Caribbean,UnmanagedLand,GrasslandFiresAEZ05,ProtectedGrasslandFiresAEZ05,1990,BC,6.10857928444184e-05
Central America and Caribbean,UnmanagedLand,GrasslandFiresAEZ05,ProtectedGrasslandFiresAEZ05,1990,OC,0.000527118299308144
China,UnmanagedLand,GrasslandFiresAEZ05,ProtectedGrasslandFiresAEZ05,1990,BC,8.67547280250524e-06
China,UnmanagedLand,GrasslandFiresAEZ05,ProtectedGrasslandFiresAEZ05,1990,OC,6.21274225970494e-05
India,UnmanagedLand,GrasslandFiresAEZ05,ProtectedGrasslandFiresAEZ05,1990,BC,2.80360017704832e-05
India,UnmanagedLand,GrasslandFiresAEZ05,ProtectedGrasslandFiresAEZ05,1990,OC,0.000197279539966535
Indonesia,UnmanagedLand,GrasslandFiresAEZ05,ProtectedGrasslandFiresAEZ05,1990,BC,6.7171199183967e-05
Indonesia,UnmanagedLand,GrasslandFiresAEZ05,ProtectedGrasslandFiresAEZ05,1990,OC,0.000603193657809262
Mexico,UnmanagedLand,GrasslandFiresAEZ05,ProtectedGrasslandFiresAEZ05,1990,BC,6.33345461787933e-05
Mexico,UnmanagedLand,GrasslandFiresAEZ05,ProtectedGrasslandFiresAEZ05,1990,OC,0.000440588139342314
South Africa,UnmanagedLand,GrasslandFiresAEZ05,ProtectedGrasslandFiresAEZ05,1990,BC,0.000103927970752007
South Africa,UnmanagedLand,GrasslandFiresAEZ05,ProtectedGrasslandFiresAEZ05,1990,OC,0.000722977165323252
South America_Northern,UnmanagedLand,GrasslandFiresAEZ05,ProtectedGrasslandFiresAEZ05,1990,BC,4.72196273131782e-05
South America_Northern,UnmanagedLand,GrasslandFiresAEZ05,ProtectedGrasslandFiresAEZ05,1990,OC,0.000400446034830856
South America_Southern,UnmanagedLand,GrasslandFiresAEZ05,ProtectedGrasslandFiresAEZ05,1990,BC,1.50583288674161e-06
South America_Southern,UnmanagedLand,GrasslandFiresAEZ05,ProtectedGrasslandFiresAEZ05,1990,OC,1.05050486083742e-05
South Asia,UnmanagedLand,GrasslandFiresAEZ05,ProtectedGrasslandFiresAEZ05,1990,BC,9.13725193240289e-07
South Asia,UnmanagedLand,GrasslandFiresAEZ05,ProtectedGrasslandFiresAEZ05,1990,OC,6.35634884309406e-06
Southeast Asia,UnmanagedLand,GrasslandFiresAEZ05,ProtectedGrasslandFiresAEZ05,1990,BC,2.63870306072166e-05
Southeast Asia,UnmanagedLand,GrasslandFiresAEZ05,ProtectedGrasslandFiresAEZ05,1990,OC,0.000183561942943689
Colombia,UnmanagedLand,GrasslandFiresAEZ05,ProtectedGrasslandFiresAEZ05,1990,BC,6.07982746479006e-05
Colombia,UnmanagedLand,GrasslandFiresAEZ05,ProtectedGrasslandFiresAEZ05,1990,OC,0.000475646699828574
Africa_Eastern,UnmanagedLand,GrasslandFiresAEZ05,ProtectedGrasslandFiresAEZ05,2005,BC,0.000170718257610337
Africa_Eastern,UnmanagedLand,GrasslandFiresAEZ05,ProtectedGrasslandFiresAEZ05,2005,OC,0.00118760992850123
Africa_Southern,UnmanagedLand,GrasslandFiresAEZ05,ProtectedGrasslandFiresAEZ05,2005,BC,9.62266253916893e-05
Africa_Southern,UnmanagedLand,GrasslandFiresAEZ05,ProtectedGrasslandFiresAEZ05,2005,OC,0.000718134456406112
Africa_Western,UnmanagedLand,GrasslandFiresAEZ05,ProtectedGrasslandFiresAEZ05,2005,BC,9.38903508831646e-05
Africa_Western,UnmanagedLand,GrasslandFiresAEZ05,ProtectedGrasslandFiresAEZ05,2005,OC,0.000653355669692079
Australia_NZ,UnmanagedLand,GrasslandFiresAEZ05,ProtectedGrasslandFiresAEZ05,2005,BC,9.52677344773469e-05
Australia_NZ,UnmanagedLand,GrasslandFiresAEZ05,ProtectedGrasslandFiresAEZ05,2005,OC,0.000662828699201625
Brazil,UnmanagedLand,GrasslandFiresAEZ05,ProtectedGrasslandFiresAEZ05,2005,BC,7.97550571932228e-05
Brazil,UnmanagedLand,GrasslandFiresAEZ05,ProtectedGrasslandFiresAEZ05,2005,OC,0.000554819286304257
Central America and Caribbean,UnmanagedLand,GrasslandFiresAEZ05,ProtectedGrasslandFiresAEZ05,2005,BC,6.10857928444184e-05
Central America and Caribbean,UnmanagedLand,GrasslandFiresAEZ05,ProtectedGrasslandFiresAEZ05,2005,OC,0.000527118299308144
China,UnmanagedLand,GrasslandFiresAEZ05,ProtectedGrasslandFiresAEZ05,2005,BC,8.67547280250524e-06
China,UnmanagedLand,GrasslandFiresAEZ05,ProtectedGrasslandFiresAEZ05,2005,OC,6.21274225970494e-05
India,UnmanagedLand,GrasslandFiresAEZ05,ProtectedGrasslandFiresAEZ05,2005,BC,2.80360017704832e-05
India,UnmanagedLand,GrasslandFiresAEZ05,ProtectedGrasslandFiresAEZ05,2005,OC,0.000197279539966535
Indonesia,UnmanagedLand,GrasslandFiresAEZ05,ProtectedGrasslandFiresAEZ05,2005,BC,6.7171199183967e-05
Indonesia,UnmanagedLand,GrasslandFiresAEZ05,ProtectedGrasslandFiresAEZ05,2005,OC,0.000603193657809262
Mexico,UnmanagedLand,GrasslandFiresAEZ05,ProtectedGrasslandFiresAEZ05,2005,BC,6.33345461787933e-05
Mexico,UnmanagedLand,GrasslandFiresAEZ05,ProtectedGrasslandFiresAEZ05,2005,OC,0.000440588139342314
South Africa,UnmanagedLand,GrasslandFiresAEZ05,ProtectedGrasslandFiresAEZ05,2005,BC,0.000103927970752007
South Africa,UnmanagedLand,GrasslandFiresAEZ05,ProtectedGrasslandFiresAEZ05,2005,OC,0.000722977165323252
South America_Northern,UnmanagedLand,GrasslandFiresAEZ05,ProtectedGrasslandFiresAEZ05,2005,BC,4.72196273131782e-05
South America_Northern,UnmanagedLand,GrasslandFiresAEZ05,ProtectedGrasslandFiresAEZ05,2005,OC,0.000400446034830856
South America_Southern,UnmanagedLand,GrasslandFiresAEZ05,ProtectedGrasslandFiresAEZ05,2005,BC,1.50583288674161e-06
South America_Southern,UnmanagedLand,GrasslandFiresAEZ05,ProtectedGrasslandFiresAEZ05,2005,OC,1.05050486083742e-05
South Asia,UnmanagedLand,GrasslandFiresAEZ05,ProtectedGrasslandFiresAEZ05,2005,BC,9.13725193240289e-07
South Asia,UnmanagedLand,GrasslandFiresAEZ05,ProtectedGrasslandFiresAEZ05,2005,OC,6.35634884309406e-06
Southeast Asia,UnmanagedLand,GrasslandFiresAEZ05,ProtectedGrasslandFiresAEZ05,2005,BC,2.63870306072166e-05
Southeast Asia,UnmanagedLand,GrasslandFiresAEZ05,ProtectedGrasslandFiresAEZ05,2005,OC,0.000183561942943689
Colombia,UnmanagedLand,GrasslandFiresAEZ05,ProtectedGrasslandFiresAEZ05,2005,BC,6.07982746479006e-05
Colombia,UnmanagedLand,GrasslandFiresAEZ05,ProtectedGrasslandFiresAEZ05,2005,OC,0.000475646699828574
Africa_Eastern,UnmanagedLand,GrasslandFiresAEZ06,ProtectedGrasslandFiresAEZ06,1975,BC,0.000170718257610337
Africa_Eastern,UnmanagedLand,GrasslandFiresAEZ06,ProtectedGrasslandFiresAEZ06,1975,OC,0.00118760992850123
Africa_Southern,UnmanagedLand,GrasslandFiresAEZ06,ProtectedGrasslandFiresAEZ06,1975,BC,9.62266253916893e-05
Africa_Southern,UnmanagedLand,GrasslandFiresAEZ06,ProtectedGrasslandFiresAEZ06,1975,OC,0.000718134456406112
Africa_Western,UnmanagedLand,GrasslandFiresAEZ06,ProtectedGrasslandFiresAEZ06,1975,BC,9.38903508831646e-05
Africa_Western,UnmanagedLand,GrasslandFiresAEZ06,ProtectedGrasslandFiresAEZ06,1975,OC,0.000653355669692079
Australia_NZ,UnmanagedLand,GrasslandFiresAEZ06,ProtectedGrasslandFiresAEZ06,1975,BC,9.52677344773469e-05
Australia_NZ,UnmanagedLand,GrasslandFiresAEZ06,ProtectedGrasslandFiresAEZ06,1975,OC,0.000662828699201625
Brazil,UnmanagedLand,GrasslandFiresAEZ06,ProtectedGrasslandFiresAEZ06,1975,BC,7.97550571932228e-05
Brazil,UnmanagedLand,GrasslandFiresAEZ06,ProtectedGrasslandFiresAEZ06,1975,OC,0.000554819286304257
Central America and Caribbean,UnmanagedLand,GrasslandFiresAEZ06,ProtectedGrasslandFiresAEZ06,1975,BC,6.10857928444184e-05
Central America and Caribbean,UnmanagedLand,GrasslandFiresAEZ06,ProtectedGrasslandFiresAEZ06,1975,OC,0.000527118299308144
China,UnmanagedLand,GrasslandFiresAEZ06,ProtectedGrasslandFiresAEZ06,1975,BC,8.67547280250524e-06
China,UnmanagedLand,GrasslandFiresAEZ06,ProtectedGrasslandFiresAEZ06,1975,OC,6.21274225970494e-05
India,UnmanagedLand,GrasslandFiresAEZ06,ProtectedGrasslandFiresAEZ06,1975,BC,2.80360017704832e-05
India,UnmanagedLand,GrasslandFiresAEZ06,ProtectedGrasslandFiresAEZ06,1975,OC,0.000197279539966535
Indonesia,UnmanagedLand,GrasslandFiresAEZ06,ProtectedGrasslandFiresAEZ06,1975,BC,6.7171199183967e-05
Indonesia,UnmanagedLand,GrasslandFiresAEZ06,ProtectedGrasslandFiresAEZ06,1975,OC,0.000603193657809262
Mexico,UnmanagedLand,GrasslandFiresAEZ06,ProtectedGrasslandFiresAEZ06,1975,BC,6.33345461787933e-05
Mexico,UnmanagedLand,GrasslandFiresAEZ06,ProtectedGrasslandFiresAEZ06,1975,OC,0.000440588139342314
South Africa,UnmanagedLand,GrasslandFiresAEZ06,ProtectedGrasslandFiresAEZ06,1975,BC,0.000103927970752007
South Africa,UnmanagedLand,GrasslandFiresAEZ06,ProtectedGrasslandFiresAEZ06,1975,OC,0.000722977165323252
South America_Northern,UnmanagedLand,GrasslandFiresAEZ06,ProtectedGrasslandFiresAEZ06,1975,BC,4.72196273131782e-05
South America_Northern,UnmanagedLand,GrasslandFiresAEZ06,ProtectedGrasslandFiresAEZ06,1975,OC,0.000400446034830856
South America_Southern,UnmanagedLand,GrasslandFiresAEZ06,ProtectedGrasslandFiresAEZ06,1975,BC,1.50583288674161e-06
South America_Southern,UnmanagedLand,GrasslandFiresAEZ06,ProtectedGrasslandFiresAEZ06,1975,OC,1.05050486083742e-05
South Asia,UnmanagedLand,GrasslandFiresAEZ06,ProtectedGrasslandFiresAEZ06,1975,BC,9.13725193240289e-07
South Asia,UnmanagedLand,GrasslandFiresAEZ06,ProtectedGrasslandFiresAEZ06,1975,OC,6.35634884309406e-06
Southeast Asia,UnmanagedLand,GrasslandFiresAEZ06,ProtectedGrasslandFiresAEZ06,1975,BC,2.63870306072166e-05
Southeast Asia,UnmanagedLand,GrasslandFiresAEZ06,ProtectedGrasslandFiresAEZ06,1975,OC,0.000183561942943689
Colombia,UnmanagedLand,GrasslandFiresAEZ06,ProtectedGrasslandFiresAEZ06,1975,BC,6.07982746479006e-05
Colombia,UnmanagedLand,GrasslandFiresAEZ06,ProtectedGrasslandFiresAEZ06,1975,OC,0.000475646699828574
Africa_Eastern,UnmanagedLand,GrasslandFiresAEZ06,ProtectedGrasslandFiresAEZ06,1990,BC,0.000170718257610337
Africa_Eastern,UnmanagedLand,GrasslandFiresAEZ06,ProtectedGrasslandFiresAEZ06,1990,OC,0.00118760992850123
Africa_Southern,UnmanagedLand,GrasslandFiresAEZ06,ProtectedGrasslandFiresAEZ06,1990,BC,9.62266253916893e-05
Africa_Southern,UnmanagedLand,GrasslandFiresAEZ06,ProtectedGrasslandFiresAEZ06,1990,OC,0.000718134456406112
Africa_Western,UnmanagedLand,GrasslandFiresAEZ06,ProtectedGrasslandFiresAEZ06,1990,BC,9.38903508831646e-05
Africa_Western,UnmanagedLand,GrasslandFiresAEZ06,ProtectedGrasslandFiresAEZ06,1990,OC,0.000653355669692079
Australia_NZ,UnmanagedLand,GrasslandFiresAEZ06,ProtectedGrasslandFiresAEZ06,1990,BC,9.52677344773469e-05
Australia_NZ,UnmanagedLand,GrasslandFiresAEZ06,ProtectedGrasslandFiresAEZ06,1990,OC,0.000662828699201625
Brazil,UnmanagedLand,GrasslandFiresAEZ06,ProtectedGrasslandFiresAEZ06,1990,BC,7.97550571932228e-05
Brazil,UnmanagedLand,GrasslandFiresAEZ06,ProtectedGrasslandFiresAEZ06,1990,OC,0.000554819286304257
Central America and Caribbean,UnmanagedLand,GrasslandFiresAEZ06,ProtectedGrasslandFiresAEZ06,1990,BC,6.10857928444184e-05
Central America and Caribbean,UnmanagedLand,GrasslandFiresAEZ06,ProtectedGrasslandFiresAEZ06,1990,OC,0.000527118299308144
China,UnmanagedLand,GrasslandFiresAEZ06,ProtectedGrasslandFiresAEZ06,1990,BC,8.67547280250524e-06
China,UnmanagedLand,GrasslandFiresAEZ06,ProtectedGrasslandFiresAEZ06,1990,OC,6.21274225970494e-05
India,UnmanagedLand,GrasslandFiresAEZ06,ProtectedGrasslandFiresAEZ06,1990,BC,2.80360017704832e-05
India,UnmanagedLand,GrasslandFiresAEZ06,ProtectedGrasslandFiresAEZ06,1990,OC,0.000197279539966535
Indonesia,UnmanagedLand,GrasslandFiresAEZ06,ProtectedGrasslandFiresAEZ06,1990,BC,6.7171199183967e-05
Indonesia,UnmanagedLand,GrasslandFiresAEZ06,ProtectedGrasslandFiresAEZ06,1990,OC,0.000603193657809262
Mexico,UnmanagedLand,GrasslandFiresAEZ06,ProtectedGrasslandFiresAEZ06,1990,BC,6.33345461787933e-05
Mexico,UnmanagedLand,GrasslandFiresAEZ06,ProtectedGrasslandFiresAEZ06,1990,OC,0.000440588139342314
South Africa,UnmanagedLand,GrasslandFiresAEZ06,ProtectedGrasslandFiresAEZ06,1990,BC,0.000103927970752007
South Africa,UnmanagedLand,GrasslandFiresAEZ06,ProtectedGrasslandFiresAEZ06,1990,OC,0.000722977165323252
South America_Northern,UnmanagedLand,GrasslandFiresAEZ06,ProtectedGrasslandFiresAEZ06,1990,BC,4.72196273131782e-05
South America_Northern,UnmanagedLand,GrasslandFiresAEZ06,ProtectedGrasslandFiresAEZ06,1990,OC,0.000400446034830856
South America_Southern,UnmanagedLand,GrasslandFiresAEZ06,ProtectedGrasslandFiresAEZ06,1990,BC,1.50583288674161e-06
South America_Southern,UnmanagedLand,GrasslandFiresAEZ06,ProtectedGrasslandFiresAEZ06,1990,OC,1.05050486083742e-05
South Asia,UnmanagedLand,GrasslandFiresAEZ06,ProtectedGrasslandFiresAEZ06,1990,BC,9.13725193240289e-07
South Asia,UnmanagedLand,GrasslandFiresAEZ06,ProtectedGrasslandFiresAEZ06,1990,OC,6.35634884309406e-06
Southeast Asia,UnmanagedLand,GrasslandFiresAEZ06,ProtectedGrasslandFiresAEZ06,1990,BC,2.63870306072166e-05
Southeast Asia,UnmanagedLand,GrasslandFiresAEZ06,ProtectedGrasslandFiresAEZ06,1990,OC,0.000183561942943689
Colombia,UnmanagedLand,GrasslandFiresAEZ06,ProtectedGrasslandFiresAEZ06,1990,BC,6.07982746479006e-05
Colombia,UnmanagedLand,GrasslandFiresAEZ06,ProtectedGrasslandFiresAEZ06,1990,OC,0.000475646699828574
Africa_Eastern,UnmanagedLand,GrasslandFiresAEZ06,ProtectedGrasslandFiresAEZ06,2005,BC,0.000170718257610337
Africa_Eastern,UnmanagedLand,GrasslandFiresAEZ06,ProtectedGrasslandFiresAEZ06,2005,OC,0.00118760992850123
Africa_Southern,UnmanagedLand,GrasslandFiresAEZ06,ProtectedGrasslandFiresAEZ06,2005,BC,9.62266253916893e-05
Africa_Southern,UnmanagedLand,GrasslandFiresAEZ06,ProtectedGrasslandFiresAEZ06,2005,OC,0.000718134456406112
Africa_Western,UnmanagedLand,GrasslandFiresAEZ06,ProtectedGrasslandFiresAEZ06,2005,BC,9.38903508831646e-05
Africa_Western,UnmanagedLand,GrasslandFiresAEZ06,ProtectedGrasslandFiresAEZ06,2005,OC,0.000653355669692079
Australia_NZ,UnmanagedLand,GrasslandFiresAEZ06,ProtectedGrasslandFiresAEZ06,2005,BC,9.52677344773469e-05
Australia_NZ,UnmanagedLand,GrasslandFiresAEZ06,ProtectedGrasslandFiresAEZ06,2005,OC,0.000662828699201625
Brazil,UnmanagedLand,GrasslandFiresAEZ06,ProtectedGrasslandFiresAEZ06,2005,BC,7.97550571932228e-05
Brazil,UnmanagedLand,GrasslandFiresAEZ06,ProtectedGrasslandFiresAEZ06,2005,OC,0.000554819286304257
Central America and Caribbean,UnmanagedLand,GrasslandFiresAEZ06,ProtectedGrasslandFiresAEZ06,2005,BC,6.10857928444184e-05
Central America and Caribbean,UnmanagedLand,GrasslandFiresAEZ06,ProtectedGrasslandFiresAEZ06,2005,OC,0.000527118299308144
China,UnmanagedLand,GrasslandFiresAEZ06,ProtectedGrasslandFiresAEZ06,2005,BC,8.67547280250524e-06
China,UnmanagedLand,GrasslandFiresAEZ06,ProtectedGrasslandFiresAEZ06,2005,OC,6.21274225970494e-05
India,UnmanagedLand,GrasslandFiresAEZ06,ProtectedGrasslandFiresAEZ06,2005,BC,2.80360017704832e-05
India,UnmanagedLand,GrasslandFiresAEZ06,ProtectedGrasslandFiresAEZ06,2005,OC,0.000197279539966535
Indonesia,UnmanagedLand,GrasslandFiresAEZ06,ProtectedGrasslandFiresAEZ06,2005,BC,6.7171199183967e-05
Indonesia,UnmanagedLand,GrasslandFiresAEZ06,ProtectedGrasslandFiresAEZ06,2005,OC,0.000603193657809262
Mexico,UnmanagedLand,GrasslandFiresAEZ06,ProtectedGrasslandFiresAEZ06,2005,BC,6.33345461787933e-05
Mexico,UnmanagedLand,GrasslandFiresAEZ06,ProtectedGrasslandFiresAEZ06,2005,OC,0.000440588139342314
South Africa,UnmanagedLand,GrasslandFiresAEZ06,ProtectedGrasslandFiresAEZ06,2005,BC,0.000103927970752007
South Africa,UnmanagedLand,GrasslandFiresAEZ06,ProtectedGrasslandFiresAEZ06,2005,OC,0.000722977165323252
South America_Northern,UnmanagedLand,GrasslandFiresAEZ06,ProtectedGrasslandFiresAEZ06,2005,BC,4.72196273131782e-05
South America_Northern,UnmanagedLand,GrasslandFiresAEZ06,ProtectedGrasslandFiresAEZ06,2005,OC,0.000400446034830856
South America_Southern,UnmanagedLand,GrasslandFiresAEZ06,ProtectedGrasslandFiresAEZ06,2005,BC,1.50583288674161e-06
South America_Southern,UnmanagedLand,GrasslandFiresAEZ06,ProtectedGrasslandFiresAEZ06,2005,OC,1.05050486083742e-05
South Asia,UnmanagedLand,GrasslandFiresAEZ06,ProtectedGrasslandFiresAEZ06,2005,BC,9.13725193240289e-07
South Asia,UnmanagedLand,GrasslandFiresAEZ06,ProtectedGrasslandFiresAEZ06,2005,OC,6.35634884309406e-06
Southeast Asia,UnmanagedLand,GrasslandFiresAEZ06,ProtectedGrasslandFiresAEZ06,2005,BC,2.63870306072166e-05
Southeast Asia,UnmanagedLand,GrasslandFiresAEZ06,ProtectedGrasslandFiresAEZ06,2005,OC,0.000183561942943689
Colombia,UnmanagedLand,GrasslandFiresAEZ06,ProtectedGrasslandFiresAEZ06,2005,BC,6.07982746479006e-05
Colombia,UnmanagedLand,GrasslandFiresAEZ06,ProtectedGrasslandFiresAEZ06,2005,OC,0.000475646699828574
USA,UnmanagedLand,GrasslandFiresAEZ07,ProtectedGrasslandFiresAEZ07,1975,BC,2.45274379758276e-05
USA,UnmanagedLand,GrasslandFiresAEZ07,ProtectedGrasslandFiresAEZ07,1975,OC,0.000261959912632907
Africa_Eastern,UnmanagedLand,GrasslandFiresAEZ07,ProtectedGrasslandFiresAEZ07,1975,BC,0.000170718257610337
Africa_Eastern,UnmanagedLand,GrasslandFiresAEZ07,ProtectedGrasslandFiresAEZ07,1975,OC,0.00118760992850123
Africa_Northern,UnmanagedLand,GrasslandFiresAEZ07,ProtectedGrasslandFiresAEZ07,1975,BC,1.63798943388009e-05
Africa_Northern,UnmanagedLand,GrasslandFiresAEZ07,ProtectedGrasslandFiresAEZ07,1975,OC,0.000113947080062769
Africa_Southern,UnmanagedLand,GrasslandFiresAEZ07,ProtectedGrasslandFiresAEZ07,1975,BC,9.62266253916893e-05
Africa_Southern,UnmanagedLand,GrasslandFiresAEZ07,ProtectedGrasslandFiresAEZ07,1975,OC,0.000718134456406112
Africa_Western,UnmanagedLand,GrasslandFiresAEZ07,ProtectedGrasslandFiresAEZ07,1975,BC,9.38903508831646e-05
Africa_Western,UnmanagedLand,GrasslandFiresAEZ07,ProtectedGrasslandFiresAEZ07,1975,OC,0.000653355669692079
Australia_NZ,UnmanagedLand,GrasslandFiresAEZ07,ProtectedGrasslandFiresAEZ07,1975,BC,9.52677344773469e-05
Australia_NZ,UnmanagedLand,GrasslandFiresAEZ07,ProtectedGrasslandFiresAEZ07,1975,OC,0.000662828699201625
Canada,UnmanagedLand,GrasslandFiresAEZ07,ProtectedGrasslandFiresAEZ07,1975,BC,9.16515114031331e-05
Canada,UnmanagedLand,GrasslandFiresAEZ07,ProtectedGrasslandFiresAEZ07,1975,OC,0.00105548747178004
Central Asia,UnmanagedLand,GrasslandFiresAEZ07,ProtectedGrasslandFiresAEZ07,1975,BC,5.8528330967722e-05
Central Asia,UnmanagedLand,GrasslandFiresAEZ07,ProtectedGrasslandFiresAEZ07,1975,OC,0.000411080032544938
China,UnmanagedLand,GrasslandFiresAEZ07,ProtectedGrasslandFiresAEZ07,1975,BC,8.67547280250524e-06
China,UnmanagedLand,GrasslandFiresAEZ07,ProtectedGrasslandFiresAEZ07,1975,OC,6.21274225970494e-05
Europe_Non_EU,UnmanagedLand,GrasslandFiresAEZ07,ProtectedGrasslandFiresAEZ07,1975,BC,1.80763561871253e-06
Europe_Non_EU,UnmanagedLand,GrasslandFiresAEZ07,ProtectedGrasslandFiresAEZ07,1975,OC,1.25748565416304e-05
India,UnmanagedLand,GrasslandFiresAEZ07,ProtectedGrasslandFiresAEZ07,1975,BC,2.80360017704832e-05
India,UnmanagedLand,GrasslandFiresAEZ07,ProtectedGrasslandFiresAEZ07,1975,OC,0.000197279539966535
Mexico,UnmanagedLand,GrasslandFiresAEZ07,ProtectedGrasslandFiresAEZ07,1975,BC,6.33345461787933e-05
Mexico,UnmanagedLand,GrasslandFiresAEZ07,ProtectedGrasslandFiresAEZ07,1975,OC,0.000440588139342314
Middle East,UnmanagedLand,GrasslandFiresAEZ07,ProtectedGrasslandFiresAEZ07,1975,BC,1.56079463252335e-10
Middle East,UnmanagedLand,GrasslandFiresAEZ07,ProtectedGrasslandFiresAEZ07,1975,OC,1.08577040639425e-09
Pakistan,UnmanagedLand,GrasslandFiresAEZ07,ProtectedGrasslandFiresAEZ07,1975,BC,6.15872293915376e-05
Pakistan,UnmanagedLand,GrasslandFiresAEZ07,ProtectedGrasslandFiresAEZ07,1975,OC,0.000428432868533823
Russia,UnmanagedLand,GrasslandFiresAEZ07,ProtectedGrasslandFiresAEZ07,1975,BC,2.78531072181428e-05
Russia,UnmanagedLand,GrasslandFiresAEZ07,ProtectedGrasslandFiresAEZ07,1975,OC,0.000271103394390541
South Africa,UnmanagedLand,GrasslandFiresAEZ07,ProtectedGrasslandFiresAEZ07,1975,BC,0.000103927970752007
South Africa,UnmanagedLand,GrasslandFiresAEZ07,ProtectedGrasslandFiresAEZ07,1975,OC,0.000722977165323252
South America_Southern,UnmanagedLand,GrasslandFiresAEZ07,ProtectedGrasslandFiresAEZ07,1975,BC,1.50583288674161e-06
South America_Southern,UnmanagedLand,GrasslandFiresAEZ07,ProtectedGrasslandFiresAEZ07,1975,OC,1.05050486083742e-05
South Asia,UnmanagedLand,GrasslandFiresAEZ07,ProtectedGrasslandFiresAEZ07,1975,BC,9.13725193240289e-07
South Asia,UnmanagedLand,GrasslandFiresAEZ07,ProtectedGrasslandFiresAEZ07,1975,OC,6.35634884309406e-06
Argentina,UnmanagedLand,GrasslandFiresAEZ07,ProtectedGrasslandFiresAEZ07,1975,BC,1.93174560428729e-05
Argentina,UnmanagedLand,GrasslandFiresAEZ07,ProtectedGrasslandFiresAEZ07,1975,OC,0.000139167624903912
USA,UnmanagedLand,GrasslandFiresAEZ07,ProtectedGrasslandFiresAEZ07,1990,BC,2.45274379758276e-05
USA,UnmanagedLand,GrasslandFiresAEZ07,ProtectedGrasslandFiresAEZ07,1990,OC,0.000261959912632907
Africa_Eastern,UnmanagedLand,GrasslandFiresAEZ07,ProtectedGrasslandFiresAEZ07,1990,BC,0.000170718257610337
Africa_Eastern,UnmanagedLand,GrasslandFiresAEZ07,ProtectedGrasslandFiresAEZ07,1990,OC,0.00118760992850123
Africa_Northern,UnmanagedLand,GrasslandFiresAEZ07,ProtectedGrasslandFiresAEZ07,1990,BC,1.63798943388009e-05
Africa_Northern,UnmanagedLand,GrasslandFiresAEZ07,ProtectedGrasslandFiresAEZ07,1990,OC,0.000113947080062769
Africa_Southern,UnmanagedLand,GrasslandFiresAEZ07,ProtectedGrasslandFiresAEZ07,1990,BC,9.62266253916893e-05
Africa_Southern,UnmanagedLand,GrasslandFiresAEZ07,ProtectedGrasslandFiresAEZ07,1990,OC,0.000718134456406112
Africa_Western,UnmanagedLand,GrasslandFiresAEZ07,ProtectedGrasslandFiresAEZ07,1990,BC,9.38903508831646e-05
Africa_Western,UnmanagedLand,GrasslandFiresAEZ07,ProtectedGrasslandFiresAEZ07,1990,OC,0.000653355669692079
Australia_NZ,UnmanagedLand,GrasslandFiresAEZ07,ProtectedGrasslandFiresAEZ07,1990,BC,9.52677344773469e-05
Australia_NZ,UnmanagedLand,GrasslandFiresAEZ07,ProtectedGrasslandFiresAEZ07,1990,OC,0.000662828699201625
Canada,UnmanagedLand,GrasslandFiresAEZ07,ProtectedGrasslandFiresAEZ07,1990,BC,9.16515114031331e-05
Canada,UnmanagedLand,GrasslandFiresAEZ07,ProtectedGrasslandFiresAEZ07,1990,OC,0.00105548747178004
Central Asia,UnmanagedLand,GrasslandFiresAEZ07,ProtectedGrasslandFiresAEZ07,1990,BC,5.8528330967722e-05
Central Asia,UnmanagedLand,GrasslandFiresAEZ07,ProtectedGrasslandFiresAEZ07,1990,OC,0.000411080032544938
China,UnmanagedLand,GrasslandFiresAEZ07,ProtectedGrasslandFiresAEZ07,1990,BC,8.67547280250524e-06
China,UnmanagedLand,GrasslandFiresAEZ07,ProtectedGrasslandFiresAEZ07,1990,OC,6.21274225970494e-05
Europe_Non_EU,UnmanagedLand,GrasslandFiresAEZ07,ProtectedGrasslandFiresAEZ07,1990,BC,1.80763561871253e-06
Europe_Non_EU,UnmanagedLand,GrasslandFiresAEZ07,ProtectedGrasslandFiresAEZ07,1990,OC,1.25748565416304e-05
India,UnmanagedLand,GrasslandFiresAEZ07,ProtectedGrasslandFiresAEZ07,1990,BC,2.80360017704832e-05
India,UnmanagedLand,GrasslandFiresAEZ07,ProtectedGrasslandFiresAEZ07,1990,OC,0.000197279539966535
Mexico,UnmanagedLand,GrasslandFiresAEZ07,ProtectedGrasslandFiresAEZ07,1990,BC,6.33345461787933e-05
Mexico,UnmanagedLand,GrasslandFiresAEZ07,ProtectedGrasslandFiresAEZ07,1990,OC,0.000440588139342314
Middle East,UnmanagedLand,GrasslandFiresAEZ07,ProtectedGrasslandFiresAEZ07,1990,BC,1.56079463252335e-10
Middle East,UnmanagedLand,GrasslandFiresAEZ07,ProtectedGrasslandFiresAEZ07,1990,OC,1.08577040639425e-09
Pakistan,UnmanagedLand,GrasslandFiresAEZ07,ProtectedGrasslandFiresAEZ07,1990,BC,6.15872293915376e-05
Pakistan,UnmanagedLand,GrasslandFiresAEZ07,ProtectedGrasslandFiresAEZ07,1990,OC,0.000428432868533823
Russia,UnmanagedLand,GrasslandFiresAEZ07,ProtectedGrasslandFiresAEZ07,1990,BC,2.78531072181428e-05
Russia,UnmanagedLand,GrasslandFiresAEZ07,ProtectedGrasslandFiresAEZ07,1990,OC,0.000271103394390541
South Africa,UnmanagedLand,GrasslandFiresAEZ07,ProtectedGrasslandFiresAEZ07,1990,BC,0.000103927970752007
South Africa,UnmanagedLand,GrasslandFiresAEZ07,ProtectedGrasslandFiresAEZ07,1990,OC,0.000722977165323252
South America_Southern,UnmanagedLand,GrasslandFiresAEZ07,ProtectedGrasslandFiresAEZ07,1990,BC,1.50583288674161e-06
South America_Southern,UnmanagedLand,GrasslandFiresAEZ07,ProtectedGrasslandFiresAEZ07,1990,OC,1.05050486083742e-05
South Asia,UnmanagedLand,GrasslandFiresAEZ07,ProtectedGrasslandFiresAEZ07,1990,BC,9.13725193240289e-07
South Asia,UnmanagedLand,GrasslandFiresAEZ07,ProtectedGrasslandFiresAEZ07,1990,OC,6.35634884309406e-06
Argentina,UnmanagedLand,GrasslandFiresAEZ07,ProtectedGrasslandFiresAEZ07,1990,BC,1.93174560428729e-05
Argentina,UnmanagedLand,GrasslandFiresAEZ07,ProtectedGrasslandFiresAEZ07,1990,OC,0.000139167624903912
USA,UnmanagedLand,GrasslandFiresAEZ07,ProtectedGrasslandFiresAEZ07,2005,BC,2.45274379758276e-05
USA,UnmanagedLand,GrasslandFiresAEZ07,ProtectedGrasslandFiresAEZ07,2005,OC,0.000261959912632907
Africa_Eastern,UnmanagedLand,GrasslandFiresAEZ07,ProtectedGrasslandFiresAEZ07,2005,BC,0.000170718257610337
Africa_Eastern,UnmanagedLand,GrasslandFiresAEZ07,ProtectedGrasslandFiresAEZ07,2005,OC,0.00118760992850123
Africa_Northern,UnmanagedLand,GrasslandFiresAEZ07,ProtectedGrasslandFiresAEZ07,2005,BC,1.63798943388009e-05
Africa_Northern,UnmanagedLand,GrasslandFiresAEZ07,ProtectedGrasslandFiresAEZ07,2005,OC,0.000113947080062769
Africa_Southern,UnmanagedLand,GrasslandFiresAEZ07,ProtectedGrasslandFiresAEZ07,2005,BC,9.62266253916893e-05
Africa_Southern,UnmanagedLand,GrasslandFiresAEZ07,ProtectedGrasslandFiresAEZ07,2005,OC,0.000718134456406112
Africa_Western,UnmanagedLand,GrasslandFiresAEZ07,ProtectedGrasslandFiresAEZ07,2005,BC,9.38903508831646e-05
Africa_Western,UnmanagedLand,GrasslandFiresAEZ07,ProtectedGrasslandFiresAEZ07,2005,OC,0.000653355669692079
Australia_NZ,UnmanagedLand,GrasslandFiresAEZ07,ProtectedGrasslandFiresAEZ07,2005,BC,9.52677344773469e-05
Australia_NZ,UnmanagedLand,GrasslandFiresAEZ07,ProtectedGrasslandFiresAEZ07,2005,OC,0.000662828699201625
Canada,UnmanagedLand,GrasslandFiresAEZ07,ProtectedGrasslandFiresAEZ07,2005,BC,9.16515114031331e-05
Canada,UnmanagedLand,GrasslandFiresAEZ07,ProtectedGrasslandFiresAEZ07,2005,OC,0.00105548747178004
Central Asia,UnmanagedLand,GrasslandFiresAEZ07,ProtectedGrasslandFiresAEZ07,2005,BC,5.8528330967722e-05
Central Asia,UnmanagedLand,GrasslandFiresAEZ07,ProtectedGrasslandFiresAEZ07,2005,OC,0.000411080032544938
China,UnmanagedLand,GrasslandFiresAEZ07,ProtectedGrasslandFiresAEZ07,2005,BC,8.67547280250524e-06
China,UnmanagedLand,GrasslandFiresAEZ07,ProtectedGrasslandFiresAEZ07,2005,OC,6.21274225970494e-05
Europe_Non_EU,UnmanagedLand,GrasslandFiresAEZ07,ProtectedGrasslandFiresAEZ07,2005,BC,1.80763561871253e-06
Europe_Non_EU,UnmanagedLand,GrasslandFiresAEZ07,ProtectedGrasslandFiresAEZ07,2005,OC,1.25748565416304e-05
India,UnmanagedLand,GrasslandFiresAEZ07,ProtectedGrasslandFiresAEZ07,2005,BC,2.80360017704832e-05
India,UnmanagedLand,GrasslandFiresAEZ07,ProtectedGrasslandFiresAEZ07,2005,OC,0.000197279539966535
Mexico,UnmanagedLand,GrasslandFiresAEZ07,ProtectedGrasslandFiresAEZ07,2005,BC,6.33345461787933e-05
Mexico,UnmanagedLand,GrasslandFiresAEZ07,ProtectedGrasslandFiresAEZ07,2005,OC,0.000440588139342314
Middle East,UnmanagedLand,GrasslandFiresAEZ07,ProtectedGrasslandFiresAEZ07,2005,BC,1.56079463252335e-10
Middle East,UnmanagedLand,GrasslandFiresAEZ07,ProtectedGrasslandFiresAEZ07,2005,OC,1.08577040639425e-09
Pakistan,UnmanagedLand,GrasslandFiresAEZ07,ProtectedGrasslandFiresAEZ07,2005,BC,6.15872293915376e-05
Pakistan,UnmanagedLand,GrasslandFiresAEZ07,ProtectedGrasslandFiresAEZ07,2005,OC,0.000428432868533823
Russia,UnmanagedLand,GrasslandFiresAEZ07,ProtectedGrasslandFiresAEZ07,2005,BC,2.78531072181428e-05
Russia,UnmanagedLand,GrasslandFiresAEZ07,ProtectedGrasslandFiresAEZ07,2005,OC,0.000271103394390541
South Africa,UnmanagedLand,GrasslandFiresAEZ07,ProtectedGrasslandFiresAEZ07,2005,BC,0.000103927970752007
South Africa,UnmanagedLand,GrasslandFiresAEZ07,ProtectedGrasslandFiresAEZ07,2005,OC,0.000722977165323252
South America_Southern,UnmanagedLand,GrasslandFiresAEZ07,ProtectedGrasslandFiresAEZ07,2005,BC,1.50583288674161e-06
South America_Southern,UnmanagedLand,GrasslandFiresAEZ07,ProtectedGrasslandFiresAEZ07,2005,OC,1.05050486083742e-05
South Asia,UnmanagedLand,GrasslandFiresAEZ07,ProtectedGrasslandFiresAEZ07,2005,BC,9.13725193240289e-07
South Asia,UnmanagedLand,GrasslandFiresAEZ07,ProtectedGrasslandFiresAEZ07,2005,OC,6.35634884309406e-06
Argentina,UnmanagedLand,GrasslandFiresAEZ07,ProtectedGrasslandFiresAEZ07,2005,BC,1.93174560428729e-05
Argentina,UnmanagedLand,GrasslandFiresAEZ07,ProtectedGrasslandFiresAEZ07,2005,OC,0.000139167624903912
USA,UnmanagedLand,GrasslandFiresAEZ08,ProtectedGrasslandFiresAEZ08,1975,BC,2.45274379758276e-05
USA,UnmanagedLand,GrasslandFiresAEZ08,ProtectedGrasslandFiresAEZ08,1975,OC,0.000261959912632907
Africa_Eastern,UnmanagedLand,GrasslandFiresAEZ08,ProtectedGrasslandFiresAEZ08,1975,BC,0.000170718257610337
Africa_Eastern,UnmanagedLand,GrasslandFiresAEZ08,ProtectedGrasslandFiresAEZ08,1975,OC,0.00118760992850123
Africa_Northern,UnmanagedLand,GrasslandFiresAEZ08,ProtectedGrasslandFiresAEZ08,1975,BC,1.63798943388009e-05
Africa_Northern,UnmanagedLand,GrasslandFiresAEZ08,ProtectedGrasslandFiresAEZ08,1975,OC,0.000113947080062769
Africa_Southern,UnmanagedLand,GrasslandFiresAEZ08,ProtectedGrasslandFiresAEZ08,1975,BC,9.62266253916893e-05
Africa_Southern,UnmanagedLand,GrasslandFiresAEZ08,ProtectedGrasslandFiresAEZ08,1975,OC,0.000718134456406112
Australia_NZ,UnmanagedLand,GrasslandFiresAEZ08,ProtectedGrasslandFiresAEZ08,1975,BC,9.52677344773469e-05
Australia_NZ,UnmanagedLand,GrasslandFiresAEZ08,ProtectedGrasslandFiresAEZ08,1975,OC,0.000662828699201625
Canada,UnmanagedLand,GrasslandFiresAEZ08,ProtectedGrasslandFiresAEZ08,1975,BC,9.16515114031331e-05
Canada,UnmanagedLand,GrasslandFiresAEZ08,ProtectedGrasslandFiresAEZ08,1975,OC,0.00105548747178004
Central Asia,UnmanagedLand,GrasslandFiresAEZ08,ProtectedGrasslandFiresAEZ08,1975,BC,5.8528330967722e-05
Central Asia,UnmanagedLand,GrasslandFiresAEZ08,ProtectedGrasslandFiresAEZ08,1975,OC,0.000411080032544938
China,UnmanagedLand,GrasslandFiresAEZ08,ProtectedGrasslandFiresAEZ08,1975,BC,8.67547280250524e-06
China,UnmanagedLand,GrasslandFiresAEZ08,ProtectedGrasslandFiresAEZ08,1975,OC,6.21274225970494e-05
EU-12,UnmanagedLand,GrasslandFiresAEZ08,ProtectedGrasslandFiresAEZ08,1975,BC,3.71081642617959e-06
EU-12,UnmanagedLand,GrasslandFiresAEZ08,ProtectedGrasslandFiresAEZ08,1975,OC,2.58143747567389e-05
EU-15,UnmanagedLand,GrasslandFiresAEZ08,ProtectedGrasslandFiresAEZ08,1975,BC,0
EU-15,UnmanagedLand,GrasslandFiresAEZ08,ProtectedGrasslandFiresAEZ08,1975,OC,0
Europe_Eastern,UnmanagedLand,GrasslandFiresAEZ08,ProtectedGrasslandFiresAEZ08,1975,BC,9.65760932482641e-06
Europe_Eastern,UnmanagedLand,GrasslandFiresAEZ08,ProtectedGrasslandFiresAEZ08,1975,OC,6.71833739621623e-05
Europe_Non_EU,UnmanagedLand,GrasslandFiresAEZ08,ProtectedGrasslandFiresAEZ08,1975,BC,1.80763561871253e-06
Europe_Non_EU,UnmanagedLand,GrasslandFiresAEZ08,ProtectedGrasslandFiresAEZ08,1975,OC,1.25748565416304e-05
India,UnmanagedLand,GrasslandFiresAEZ08,ProtectedGrasslandFiresAEZ08,1975,BC,2.80360017704832e-05
India,UnmanagedLand,GrasslandFiresAEZ08,ProtectedGrasslandFiresAEZ08,1975,OC,0.000197279539966535
Mexico,UnmanagedLand,GrasslandFiresAEZ08,ProtectedGrasslandFiresAEZ08,1975,BC,6.33345461787933e-05
Mexico,UnmanagedLand,GrasslandFiresAEZ08,ProtectedGrasslandFiresAEZ08,1975,OC,0.000440588139342314
Middle East,UnmanagedLand,GrasslandFiresAEZ08,ProtectedGrasslandFiresAEZ08,1975,BC,1.56079463252335e-10
Middle East,UnmanagedLand,GrasslandFiresAEZ08,ProtectedGrasslandFiresAEZ08,1975,OC,1.08577040639425e-09
Pakistan,UnmanagedLand,GrasslandFiresAEZ08,ProtectedGrasslandFiresAEZ08,1975,BC,6.15872293915376e-05
Pakistan,UnmanagedLand,GrasslandFiresAEZ08,ProtectedGrasslandFiresAEZ08,1975,OC,0.000428432868533823
Russia,UnmanagedLand,GrasslandFiresAEZ08,ProtectedGrasslandFiresAEZ08,1975,BC,2.78531072181428e-05
Russia,UnmanagedLand,GrasslandFiresAEZ08,ProtectedGrasslandFiresAEZ08,1975,OC,0.000271103394390541
South Africa,UnmanagedLand,GrasslandFiresAEZ08,ProtectedGrasslandFiresAEZ08,1975,BC,0.000103927970752007
South Africa,UnmanagedLand,GrasslandFiresAEZ08,ProtectedGrasslandFiresAEZ08,1975,OC,0.000722977165323252
South America_Southern,UnmanagedLand,GrasslandFiresAEZ08,ProtectedGrasslandFiresAEZ08,1975,BC,1.50583288674161e-06
South America_Southern,UnmanagedLand,GrasslandFiresAEZ08,ProtectedGrasslandFiresAEZ08,1975,OC,1.05050486083742e-05
South Asia,UnmanagedLand,GrasslandFiresAEZ08,ProtectedGrasslandFiresAEZ08,1975,BC,9.13725193240289e-07
South Asia,UnmanagedLand,GrasslandFiresAEZ08,ProtectedGrasslandFiresAEZ08,1975,OC,6.35634884309406e-06
Argentina,UnmanagedLand,GrasslandFiresAEZ08,ProtectedGrasslandFiresAEZ08,1975,BC,1.93174560428729e-05
Argentina,UnmanagedLand,GrasslandFiresAEZ08,ProtectedGrasslandFiresAEZ08,1975,OC,0.000139167624903912
USA,UnmanagedLand,GrasslandFiresAEZ08,ProtectedGrasslandFiresAEZ08,1990,BC,2.45274379758276e-05
USA,UnmanagedLand,GrasslandFiresAEZ08,ProtectedGrasslandFiresAEZ08,1990,OC,0.000261959912632907
Africa_Eastern,UnmanagedLand,GrasslandFiresAEZ08,ProtectedGrasslandFiresAEZ08,1990,BC,0.000170718257610337
Africa_Eastern,UnmanagedLand,GrasslandFiresAEZ08,ProtectedGrasslandFiresAEZ08,1990,OC,0.00118760992850123
Africa_Northern,UnmanagedLand,GrasslandFiresAEZ08,ProtectedGrasslandFiresAEZ08,1990,BC,1.63798943388009e-05
Africa_Northern,UnmanagedLand,GrasslandFiresAEZ08,ProtectedGrasslandFiresAEZ08,1990,OC,0.000113947080062769
Africa_Southern,UnmanagedLand,GrasslandFiresAEZ08,ProtectedGrasslandFiresAEZ08,1990,BC,9.62266253916893e-05
Africa_Southern,UnmanagedLand,GrasslandFiresAEZ08,ProtectedGrasslandFiresAEZ08,1990,OC,0.000718134456406112
Australia_NZ,UnmanagedLand,GrasslandFiresAEZ08,ProtectedGrasslandFiresAEZ08,1990,BC,9.52677344773469e-05
Australia_NZ,UnmanagedLand,GrasslandFiresAEZ08,ProtectedGrasslandFiresAEZ08,1990,OC,0.000662828699201625
Canada,UnmanagedLand,GrasslandFiresAEZ08,ProtectedGrasslandFiresAEZ08,1990,BC,9.16515114031331e-05
Canada,UnmanagedLand,GrasslandFiresAEZ08,ProtectedGrasslandFiresAEZ08,1990,OC,0.00105548747178004
Central Asia,UnmanagedLand,GrasslandFiresAEZ08,ProtectedGrasslandFiresAEZ08,1990,BC,5.8528330967722e-05
Central Asia,UnmanagedLand,GrasslandFiresAEZ08,ProtectedGrasslandFiresAEZ08,1990,OC,0.000411080032544938
China,UnmanagedLand,GrasslandFiresAEZ08,ProtectedGrasslandFiresAEZ08,1990,BC,8.67547280250524e-06
China,UnmanagedLand,GrasslandFiresAEZ08,ProtectedGrasslandFiresAEZ08,1990,OC,6.21274225970494e-05
EU-12,UnmanagedLand,GrasslandFiresAEZ08,ProtectedGrasslandFiresAEZ08,1990,BC,3.71081642617959e-06
EU-12,UnmanagedLand,GrasslandFiresAEZ08,ProtectedGrasslandFiresAEZ08,1990,OC,2.58143747567389e-05
EU-15,UnmanagedLand,GrasslandFiresAEZ08,ProtectedGrasslandFiresAEZ08,1990,BC,0
EU-15,UnmanagedLand,GrasslandFiresAEZ08,ProtectedGrasslandFiresAEZ08,1990,OC,0
Europe_Eastern,UnmanagedLand,GrasslandFiresAEZ08,ProtectedGrasslandFiresAEZ08,1990,BC,9.65760932482641e-06
Europe_Eastern,UnmanagedLand,GrasslandFiresAEZ08,ProtectedGrasslandFiresAEZ08,1990,OC,6.71833739621623e-05
Europe_Non_EU,UnmanagedLand,GrasslandFiresAEZ08,ProtectedGrasslandFiresAEZ08,1990,BC,1.80763561871253e-06
Europe_Non_EU,UnmanagedLand,GrasslandFiresAEZ08,ProtectedGrasslandFiresAEZ08,1990,OC,1.25748565416304e-05
India,UnmanagedLand,GrasslandFiresAEZ08,ProtectedGrasslandFiresAEZ08,1990,BC,2.80360017704832e-05
India,UnmanagedLand,GrasslandFiresAEZ08,ProtectedGrasslandFiresAEZ08,1990,OC,0.000197279539966535
Mexico,UnmanagedLand,GrasslandFiresAEZ08,ProtectedGrasslandFiresAEZ08,1990,BC,6.33345461787933e-05
Mexico,UnmanagedLand,GrasslandFiresAEZ08,ProtectedGrasslandFiresAEZ08,1990,OC,0.000440588139342314
Middle East,UnmanagedLand,GrasslandFiresAEZ08,ProtectedGrasslandFiresAEZ08,1990,BC,1.56079463252335e-10
Middle East,UnmanagedLand,GrasslandFiresAEZ08,ProtectedGrasslandFiresAEZ08,1990,OC,1.08577040639425e-09
Pakistan,UnmanagedLand,GrasslandFiresAEZ08,ProtectedGrasslandFiresAEZ08,1990,BC,6.15872293915376e-05
Pakistan,UnmanagedLand,GrasslandFiresAEZ08,ProtectedGrasslandFiresAEZ08,1990,OC,0.000428432868533823
Russia,UnmanagedLand,GrasslandFiresAEZ08,ProtectedGrasslandFiresAEZ08,1990,BC,2.78531072181428e-05
Russia,UnmanagedLand,GrasslandFiresAEZ08,ProtectedGrasslandFiresAEZ08,1990,OC,0.000271103394390541
South Africa,UnmanagedLand,GrasslandFiresAEZ08,ProtectedGrasslandFiresAEZ08,1990,BC,0.000103927970752007
South Africa,UnmanagedLand,GrasslandFiresAEZ08,ProtectedGrasslandFiresAEZ08,1990,OC,0.000722977165323252
South America_Southern,UnmanagedLand,GrasslandFiresAEZ08,ProtectedGrasslandFiresAEZ08,1990,BC,1.50583288674161e-06
South America_Southern,UnmanagedLand,GrasslandFiresAEZ08,ProtectedGrasslandFiresAEZ08,1990,OC,1.05050486083742e-05
South Asia,UnmanagedLand,GrasslandFiresAEZ08,ProtectedGrasslandFiresAEZ08,1990,BC,9.13725193240289e-07
South Asia,UnmanagedLand,GrasslandFiresAEZ08,ProtectedGrasslandFiresAEZ08,1990,OC,6.35634884309406e-06
Argentina,UnmanagedLand,GrasslandFiresAEZ08,ProtectedGrasslandFiresAEZ08,1990,BC,1.93174560428729e-05
Argentina,UnmanagedLand,GrasslandFiresAEZ08,ProtectedGrasslandFiresAEZ08,1990,OC,0.000139167624903912
USA,UnmanagedLand,GrasslandFiresAEZ08,ProtectedGrasslandFiresAEZ08,2005,BC,2.45274379758276e-05
USA,UnmanagedLand,GrasslandFiresAEZ08,ProtectedGrasslandFiresAEZ08,2005,OC,0.000261959912632907
Africa_Eastern,UnmanagedLand,GrasslandFiresAEZ08,ProtectedGrasslandFiresAEZ08,2005,BC,0.000170718257610337
Africa_Eastern,UnmanagedLand,GrasslandFiresAEZ08,ProtectedGrasslandFiresAEZ08,2005,OC,0.00118760992850123
Africa_Northern,UnmanagedLand,GrasslandFiresAEZ08,ProtectedGrasslandFiresAEZ08,2005,BC,1.63798943388009e-05
Africa_Northern,UnmanagedLand,GrasslandFiresAEZ08,ProtectedGrasslandFiresAEZ08,2005,OC,0.000113947080062769
Africa_Southern,UnmanagedLand,GrasslandFiresAEZ08,ProtectedGrasslandFiresAEZ08,2005,BC,9.62266253916893e-05
Africa_Southern,UnmanagedLand,GrasslandFiresAEZ08,ProtectedGrasslandFiresAEZ08,2005,OC,0.000718134456406112
Australia_NZ,UnmanagedLand,GrasslandFiresAEZ08,ProtectedGrasslandFiresAEZ08,2005,BC,9.52677344773469e-05
Australia_NZ,UnmanagedLand,GrasslandFiresAEZ08,ProtectedGrasslandFiresAEZ08,2005,OC,0.000662828699201625
Canada,UnmanagedLand,GrasslandFiresAEZ08,ProtectedGrasslandFiresAEZ08,2005,BC,9.16515114031331e-05
Canada,UnmanagedLand,GrasslandFiresAEZ08,ProtectedGrasslandFiresAEZ08,2005,OC,0.00105548747178004
Central Asia,UnmanagedLand,GrasslandFiresAEZ08,ProtectedGrasslandFiresAEZ08,2005,BC,5.8528330967722e-05
Central Asia,UnmanagedLand,GrasslandFiresAEZ08,ProtectedGrasslandFiresAEZ08,2005,OC,0.000411080032544938
China,UnmanagedLand,GrasslandFiresAEZ08,ProtectedGrasslandFiresAEZ08,2005,BC,8.67547280250524e-06
China,UnmanagedLand,GrasslandFiresAEZ08,ProtectedGrasslandFiresAEZ08,2005,OC,6.21274225970494e-05
EU-12,UnmanagedLand,GrasslandFiresAEZ08,ProtectedGrasslandFiresAEZ08,2005,BC,3.71081642617959e-06
EU-12,UnmanagedLand,GrasslandFiresAEZ08,ProtectedGrasslandFiresAEZ08,2005,OC,2.58143747567389e-05
EU-15,UnmanagedLand,GrasslandFiresAEZ08,ProtectedGrasslandFiresAEZ08,2005,BC,0
EU-15,UnmanagedLand,GrasslandFiresAEZ08,ProtectedGrasslandFiresAEZ08,2005,OC,0
Europe_Eastern,UnmanagedLand,GrasslandFiresAEZ08,ProtectedGrasslandFiresAEZ08,2005,BC,9.65760932482641e-06
Europe_Eastern,UnmanagedLand,GrasslandFiresAEZ08,ProtectedGrasslandFiresAEZ08,2005,OC,6.71833739621623e-05
Europe_Non_EU,UnmanagedLand,GrasslandFiresAEZ08,ProtectedGrasslandFiresAEZ08,2005,BC,1.80763561871253e-06
Europe_Non_EU,UnmanagedLand,GrasslandFiresAEZ08,ProtectedGrasslandFiresAEZ08,2005,OC,1.25748565416304e-05
India,UnmanagedLand,GrasslandFiresAEZ08,ProtectedGrasslandFiresAEZ08,2005,BC,2.80360017704832e-05
India,UnmanagedLand,GrasslandFiresAEZ08,ProtectedGrasslandFiresAEZ08,2005,OC,0.000197279539966535
Mexico,UnmanagedLand,GrasslandFiresAEZ08,ProtectedGrasslandFiresAEZ08,2005,BC,6.33345461787933e-05
Mexico,UnmanagedLand,GrasslandFiresAEZ08,ProtectedGrasslandFiresAEZ08,2005,OC,0.000440588139342314
Middle East,UnmanagedLand,GrasslandFiresAEZ08,ProtectedGrasslandFiresAEZ08,2005,BC,1.56079463252335e-10
Middle East,UnmanagedLand,GrasslandFiresAEZ08,ProtectedGrasslandFiresAEZ08,2005,OC,1.08577040639425e-09
Pakistan,UnmanagedLand,GrasslandFiresAEZ08,ProtectedGrasslandFiresAEZ08,2005,BC,6.15872293915376e-05
Pakistan,UnmanagedLand,GrasslandFiresAEZ08,ProtectedGrasslandFiresAEZ08,2005,OC,0.000428432868533823
Russia,UnmanagedLand,GrasslandFiresAEZ08,ProtectedGrasslandFiresAEZ08,2005,BC,2.78531072181428e-05
Russia,UnmanagedLand,GrasslandFiresAEZ08,ProtectedGrasslandFiresAEZ08,2005,OC,0.000271103394390541
South Africa,UnmanagedLand,GrasslandFiresAEZ08,ProtectedGrasslandFiresAEZ08,2005,BC,0.000103927970752007
South Africa,UnmanagedLand,GrasslandFiresAEZ08,ProtectedGrasslandFiresAEZ08,2005,OC,0.000722977165323252
South America_Southern,UnmanagedLand,GrasslandFiresAEZ08,ProtectedGrasslandFiresAEZ08,2005,BC,1.50583288674161e-06
South America_Southern,UnmanagedLand,GrasslandFiresAEZ08,ProtectedGrasslandFiresAEZ08,2005,OC,1.05050486083742e-05
South Asia,UnmanagedLand,GrasslandFiresAEZ08,ProtectedGrasslandFiresAEZ08,2005,BC,9.13725193240289e-07
South Asia,UnmanagedLand,GrasslandFiresAEZ08,ProtectedGrasslandFiresAEZ08,2005,OC,6.35634884309406e-06
Argentina,UnmanagedLand,GrasslandFiresAEZ08,ProtectedGrasslandFiresAEZ08,2005,BC,1.93174560428729e-05
Argentina,UnmanagedLand,GrasslandFiresAEZ08,ProtectedGrasslandFiresAEZ08,2005,OC,0.000139167624903912
USA,UnmanagedLand,GrasslandFiresAEZ09,ProtectedGrasslandFiresAEZ09,1975,BC,2.45274379758276e-05
USA,UnmanagedLand,GrasslandFiresAEZ09,ProtectedGrasslandFiresAEZ09,1975,OC,0.000261959912632907
Africa_Eastern,UnmanagedLand,GrasslandFiresAEZ09,ProtectedGrasslandFiresAEZ09,1975,BC,0.000170718257610337
Africa_Eastern,UnmanagedLand,GrasslandFiresAEZ09,ProtectedGrasslandFiresAEZ09,1975,OC,0.00118760992850123
Africa_Northern,UnmanagedLand,GrasslandFiresAEZ09,ProtectedGrasslandFiresAEZ09,1975,BC,1.63798943388009e-05
Africa_Northern,UnmanagedLand,GrasslandFiresAEZ09,ProtectedGrasslandFiresAEZ09,1975,OC,0.000113947080062769
Africa_Southern,UnmanagedLand,GrasslandFiresAEZ09,ProtectedGrasslandFiresAEZ09,1975,BC,9.62266253916893e-05
Africa_Southern,UnmanagedLand,GrasslandFiresAEZ09,ProtectedGrasslandFiresAEZ09,1975,OC,0.000718134456406112
Africa_Western,UnmanagedLand,GrasslandFiresAEZ09,ProtectedGrasslandFiresAEZ09,1975,BC,9.38903508831646e-05
Africa_Western,UnmanagedLand,GrasslandFiresAEZ09,ProtectedGrasslandFiresAEZ09,1975,OC,0.000653355669692079
Australia_NZ,UnmanagedLand,GrasslandFiresAEZ09,ProtectedGrasslandFiresAEZ09,1975,BC,9.52677344773469e-05
Australia_NZ,UnmanagedLand,GrasslandFiresAEZ09,ProtectedGrasslandFiresAEZ09,1975,OC,0.000662828699201625
Canada,UnmanagedLand,GrasslandFiresAEZ09,ProtectedGrasslandFiresAEZ09,1975,BC,9.16515114031331e-05
Canada,UnmanagedLand,GrasslandFiresAEZ09,ProtectedGrasslandFiresAEZ09,1975,OC,0.00105548747178004
Central Asia,UnmanagedLand,GrasslandFiresAEZ09,ProtectedGrasslandFiresAEZ09,1975,BC,5.8528330967722e-05
Central Asia,UnmanagedLand,GrasslandFiresAEZ09,ProtectedGrasslandFiresAEZ09,1975,OC,0.000411080032544938
China,UnmanagedLand,GrasslandFiresAEZ09,ProtectedGrasslandFiresAEZ09,1975,BC,8.67547280250524e-06
China,UnmanagedLand,GrasslandFiresAEZ09,ProtectedGrasslandFiresAEZ09,1975,OC,6.21274225970494e-05
EU-12,UnmanagedLand,GrasslandFiresAEZ09,ProtectedGrasslandFiresAEZ09,1975,BC,3.71081642617959e-06
EU-12,UnmanagedLand,GrasslandFiresAEZ09,ProtectedGrasslandFiresAEZ09,1975,OC,2.58143747567389e-05
EU-15,UnmanagedLand,GrasslandFiresAEZ09,ProtectedGrasslandFiresAEZ09,1975,BC,0
EU-15,UnmanagedLand,GrasslandFiresAEZ09,ProtectedGrasslandFiresAEZ09,1975,OC,0
Europe_Eastern,UnmanagedLand,GrasslandFiresAEZ09,ProtectedGrasslandFiresAEZ09,1975,BC,9.65760932482641e-06
Europe_Eastern,UnmanagedLand,GrasslandFiresAEZ09,ProtectedGrasslandFiresAEZ09,1975,OC,6.71833739621623e-05
Europe_Non_EU,UnmanagedLand,GrasslandFiresAEZ09,ProtectedGrasslandFiresAEZ09,1975,BC,1.80763561871253e-06
Europe_Non_EU,UnmanagedLand,GrasslandFiresAEZ09,ProtectedGrasslandFiresAEZ09,1975,OC,1.25748565416304e-05
India,UnmanagedLand,GrasslandFiresAEZ09,ProtectedGrasslandFiresAEZ09,1975,BC,2.80360017704832e-05
India,UnmanagedLand,GrasslandFiresAEZ09,ProtectedGrasslandFiresAEZ09,1975,OC,0.000197279539966535
Japan,UnmanagedLand,GrasslandFiresAEZ09,ProtectedGrasslandFiresAEZ09,1975,BC,1.30059563653336e-05
Japan,UnmanagedLand,GrasslandFiresAEZ09,ProtectedGrasslandFiresAEZ09,1975,OC,9.04762110605545e-05
Mexico,UnmanagedLand,GrasslandFiresAEZ09,ProtectedGrasslandFiresAEZ09,1975,BC,6.33345461787933e-05
Mexico,UnmanagedLand,GrasslandFiresAEZ09,ProtectedGrasslandFiresAEZ09,1975,OC,0.000440588139342314
Middle East,UnmanagedLand,GrasslandFiresAEZ09,ProtectedGrasslandFiresAEZ09,1975,BC,1.56079463252335e-10
Middle East,UnmanagedLand,GrasslandFiresAEZ09,ProtectedGrasslandFiresAEZ09,1975,OC,1.08577040639425e-09
Pakistan,UnmanagedLand,GrasslandFiresAEZ09,ProtectedGrasslandFiresAEZ09,1975,BC,6.15872293915376e-05
Pakistan,UnmanagedLand,GrasslandFiresAEZ09,ProtectedGrasslandFiresAEZ09,1975,OC,0.000428432868533823
Russia,UnmanagedLand,GrasslandFiresAEZ09,ProtectedGrasslandFiresAEZ09,1975,BC,2.78531072181428e-05
Russia,UnmanagedLand,GrasslandFiresAEZ09,ProtectedGrasslandFiresAEZ09,1975,OC,0.000271103394390541
South Africa,UnmanagedLand,GrasslandFiresAEZ09,ProtectedGrasslandFiresAEZ09,1975,BC,0.000103927970752007
South Africa,UnmanagedLand,GrasslandFiresAEZ09,ProtectedGrasslandFiresAEZ09,1975,OC,0.000722977165323252
South America_Southern,UnmanagedLand,GrasslandFiresAEZ09,ProtectedGrasslandFiresAEZ09,1975,BC,1.50583288674161e-06
South America_Southern,UnmanagedLand,GrasslandFiresAEZ09,ProtectedGrasslandFiresAEZ09,1975,OC,1.05050486083742e-05
South Asia,UnmanagedLand,GrasslandFiresAEZ09,ProtectedGrasslandFiresAEZ09,1975,BC,9.13725193240289e-07
South Asia,UnmanagedLand,GrasslandFiresAEZ09,ProtectedGrasslandFiresAEZ09,1975,OC,6.35634884309406e-06
Southeast Asia,UnmanagedLand,GrasslandFiresAEZ09,ProtectedGrasslandFiresAEZ09,1975,BC,2.63870306072166e-05
Southeast Asia,UnmanagedLand,GrasslandFiresAEZ09,ProtectedGrasslandFiresAEZ09,1975,OC,0.000183561942943689
Argentina,UnmanagedLand,GrasslandFiresAEZ09,ProtectedGrasslandFiresAEZ09,1975,BC,1.93174560428729e-05
Argentina,UnmanagedLand,GrasslandFiresAEZ09,ProtectedGrasslandFiresAEZ09,1975,OC,0.000139167624903912
USA,UnmanagedLand,GrasslandFiresAEZ09,ProtectedGrasslandFiresAEZ09,1990,BC,2.45274379758276e-05
USA,UnmanagedLand,GrasslandFiresAEZ09,ProtectedGrasslandFiresAEZ09,1990,OC,0.000261959912632907
Africa_Eastern,UnmanagedLand,GrasslandFiresAEZ09,ProtectedGrasslandFiresAEZ09,1990,BC,0.000170718257610337
Africa_Eastern,UnmanagedLand,GrasslandFiresAEZ09,ProtectedGrasslandFiresAEZ09,1990,OC,0.00118760992850123
Africa_Northern,UnmanagedLand,GrasslandFiresAEZ09,ProtectedGrasslandFiresAEZ09,1990,BC,1.63798943388009e-05
Africa_Northern,UnmanagedLand,GrasslandFiresAEZ09,ProtectedGrasslandFiresAEZ09,1990,OC,0.000113947080062769
Africa_Southern,UnmanagedLand,GrasslandFiresAEZ09,ProtectedGrasslandFiresAEZ09,1990,BC,9.62266253916893e-05
Africa_Southern,UnmanagedLand,GrasslandFiresAEZ09,ProtectedGrasslandFiresAEZ09,1990,OC,0.000718134456406112
Africa_Western,UnmanagedLand,GrasslandFiresAEZ09,ProtectedGrasslandFiresAEZ09,1990,BC,9.38903508831646e-05
Africa_Western,UnmanagedLand,GrasslandFiresAEZ09,ProtectedGrasslandFiresAEZ09,1990,OC,0.000653355669692079
Australia_NZ,UnmanagedLand,GrasslandFiresAEZ09,ProtectedGrasslandFiresAEZ09,1990,BC,9.52677344773469e-05
Australia_NZ,UnmanagedLand,GrasslandFiresAEZ09,ProtectedGrasslandFiresAEZ09,1990,OC,0.000662828699201625
Canada,UnmanagedLand,GrasslandFiresAEZ09,ProtectedGrasslandFiresAEZ09,1990,BC,9.16515114031331e-05
Canada,UnmanagedLand,GrasslandFiresAEZ09,ProtectedGrasslandFiresAEZ09,1990,OC,0.00105548747178004
Central Asia,UnmanagedLand,GrasslandFiresAEZ09,ProtectedGrasslandFiresAEZ09,1990,BC,5.8528330967722e-05
Central Asia,UnmanagedLand,GrasslandFiresAEZ09,ProtectedGrasslandFiresAEZ09,1990,OC,0.000411080032544938
China,UnmanagedLand,GrasslandFiresAEZ09,ProtectedGrasslandFiresAEZ09,1990,BC,8.67547280250524e-06
China,UnmanagedLand,GrasslandFiresAEZ09,ProtectedGrasslandFiresAEZ09,1990,OC,6.21274225970494e-05
EU-12,UnmanagedLand,GrasslandFiresAEZ09,ProtectedGrasslandFiresAEZ09,1990,BC,3.71081642617959e-06
EU-12,UnmanagedLand,GrasslandFiresAEZ09,ProtectedGrasslandFiresAEZ09,1990,OC,2.58143747567389e-05
EU-15,UnmanagedLand,GrasslandFiresAEZ09,ProtectedGrasslandFiresAEZ09,1990,BC,0
EU-15,UnmanagedLand,GrasslandFiresAEZ09,ProtectedGrasslandFiresAEZ09,1990,OC,0
Europe_Eastern,UnmanagedLand,GrasslandFiresAEZ09,ProtectedGrasslandFiresAEZ09,1990,BC,9.65760932482641e-06
Europe_Eastern,UnmanagedLand,GrasslandFiresAEZ09,ProtectedGrasslandFiresAEZ09,1990,OC,6.71833739621623e-05
Europe_Non_EU,UnmanagedLand,GrasslandFiresAEZ09,ProtectedGrasslandFiresAEZ09,1990,BC,1.80763561871253e-06
Europe_Non_EU,UnmanagedLand,GrasslandFiresAEZ09,ProtectedGrasslandFiresAEZ09,1990,OC,1.25748565416304e-05
India,UnmanagedLand,GrasslandFiresAEZ09,ProtectedGrasslandFiresAEZ09,1990,BC,2.80360017704832e-05
India,UnmanagedLand,GrasslandFiresAEZ09,ProtectedGrasslandFiresAEZ09,1990,OC,0.000197279539966535
Japan,UnmanagedLand,GrasslandFiresAEZ09,ProtectedGrasslandFiresAEZ09,1990,BC,1.30059563653336e-05
Japan,UnmanagedLand,GrasslandFiresAEZ09,ProtectedGrasslandFiresAEZ09,1990,OC,9.04762110605545e-05
Mexico,UnmanagedLand,GrasslandFiresAEZ09,ProtectedGrasslandFiresAEZ09,1990,BC,6.33345461787933e-05
Mexico,UnmanagedLand,GrasslandFiresAEZ09,ProtectedGrasslandFiresAEZ09,1990,OC,0.000440588139342314
Middle East,UnmanagedLand,GrasslandFiresAEZ09,ProtectedGrasslandFiresAEZ09,1990,BC,1.56079463252335e-10
Middle East,UnmanagedLand,GrasslandFiresAEZ09,ProtectedGrasslandFiresAEZ09,1990,OC,1.08577040639425e-09
Pakistan,UnmanagedLand,GrasslandFiresAEZ09,ProtectedGrasslandFiresAEZ09,1990,BC,6.15872293915376e-05
Pakistan,UnmanagedLand,GrasslandFiresAEZ09,ProtectedGrasslandFiresAEZ09,1990,OC,0.000428432868533823
Russia,UnmanagedLand,GrasslandFiresAEZ09,ProtectedGrasslandFiresAEZ09,1990,BC,2.78531072181428e-05
Russia,UnmanagedLand,GrasslandFiresAEZ09,ProtectedGrasslandFiresAEZ09,1990,OC,0.000271103394390541
South Africa,UnmanagedLand,GrasslandFiresAEZ09,ProtectedGrasslandFiresAEZ09,1990,BC,0.000103927970752007
South Africa,UnmanagedLand,GrasslandFiresAEZ09,ProtectedGrasslandFiresAEZ09,1990,OC,0.000722977165323252
South America_Southern,UnmanagedLand,GrasslandFiresAEZ09,ProtectedGrasslandFiresAEZ09,1990,BC,1.50583288674161e-06
South America_Southern,UnmanagedLand,GrasslandFiresAEZ09,ProtectedGrasslandFiresAEZ09,1990,OC,1.05050486083742e-05
South Asia,UnmanagedLand,GrasslandFiresAEZ09,ProtectedGrasslandFiresAEZ09,1990,BC,9.13725193240289e-07
South Asia,UnmanagedLand,GrasslandFiresAEZ09,ProtectedGrasslandFiresAEZ09,1990,OC,6.35634884309406e-06
Southeast Asia,UnmanagedLand,GrasslandFiresAEZ09,ProtectedGrasslandFiresAEZ09,1990,BC,2.63870306072166e-05
Southeast Asia,UnmanagedLand,GrasslandFiresAEZ09,ProtectedGrasslandFiresAEZ09,1990,OC,0.000183561942943689
Argentina,UnmanagedLand,GrasslandFiresAEZ09,ProtectedGrasslandFiresAEZ09,1990,BC,1.93174560428729e-05
Argentina,UnmanagedLand,GrasslandFiresAEZ09,ProtectedGrasslandFiresAEZ09,1990,OC,0.000139167624903912
USA,UnmanagedLand,GrasslandFiresAEZ09,ProtectedGrasslandFiresAEZ09,2005,BC,2.45274379758276e-05
USA,UnmanagedLand,GrasslandFiresAEZ09,ProtectedGrasslandFiresAEZ09,2005,OC,0.000261959912632907
Africa_Eastern,UnmanagedLand,GrasslandFiresAEZ09,ProtectedGrasslandFiresAEZ09,2005,BC,0.000170718257610337
Africa_Eastern,UnmanagedLand,GrasslandFiresAEZ09,ProtectedGrasslandFiresAEZ09,2005,OC,0.00118760992850123
Africa_Northern,UnmanagedLand,GrasslandFiresAEZ09,ProtectedGrasslandFiresAEZ09,2005,BC,1.63798943388009e-05
Africa_Northern,UnmanagedLand,GrasslandFiresAEZ09,ProtectedGrasslandFiresAEZ09,2005,OC,0.000113947080062769
Africa_Southern,UnmanagedLand,GrasslandFiresAEZ09,ProtectedGrasslandFiresAEZ09,2005,BC,9.62266253916893e-05
Africa_Southern,UnmanagedLand,GrasslandFiresAEZ09,ProtectedGrasslandFiresAEZ09,2005,OC,0.000718134456406112
Africa_Western,UnmanagedLand,GrasslandFiresAEZ09,ProtectedGrasslandFiresAEZ09,2005,BC,9.38903508831646e-05
Africa_Western,UnmanagedLand,GrasslandFiresAEZ09,ProtectedGrasslandFiresAEZ09,2005,OC,0.000653355669692079
Australia_NZ,UnmanagedLand,GrasslandFiresAEZ09,ProtectedGrasslandFiresAEZ09,2005,BC,9.52677344773469e-05
Australia_NZ,UnmanagedLand,GrasslandFiresAEZ09,ProtectedGrasslandFiresAEZ09,2005,OC,0.000662828699201625
Canada,UnmanagedLand,GrasslandFiresAEZ09,ProtectedGrasslandFiresAEZ09,2005,BC,9.16515114031331e-05
Canada,UnmanagedLand,GrasslandFiresAEZ09,ProtectedGrasslandFiresAEZ09,2005,OC,0.00105548747178004
Central Asia,UnmanagedLand,GrasslandFiresAEZ09,ProtectedGrasslandFiresAEZ09,2005,BC,5.8528330967722e-05
Central Asia,UnmanagedLand,GrasslandFiresAEZ09,ProtectedGrasslandFiresAEZ09,2005,OC,0.000411080032544938
China,UnmanagedLand,GrasslandFiresAEZ09,ProtectedGrasslandFiresAEZ09,2005,BC,8.67547280250524e-06
China,UnmanagedLand,GrasslandFiresAEZ09,ProtectedGrasslandFiresAEZ09,2005,OC,6.21274225970494e-05
EU-12,UnmanagedLand,GrasslandFiresAEZ09,ProtectedGrasslandFiresAEZ09,2005,BC,3.71081642617959e-06
EU-12,UnmanagedLand,GrasslandFiresAEZ09,ProtectedGrasslandFiresAEZ09,2005,OC,2.58143747567389e-05
EU-15,UnmanagedLand,GrasslandFiresAEZ09,ProtectedGrasslandFiresAEZ09,2005,BC,0
EU-15,UnmanagedLand,GrasslandFiresAEZ09,ProtectedGrasslandFiresAEZ09,2005,OC,0
Europe_Eastern,UnmanagedLand,GrasslandFiresAEZ09,ProtectedGrasslandFiresAEZ09,2005,BC,9.65760932482641e-06
Europe_Eastern,UnmanagedLand,GrasslandFiresAEZ09,ProtectedGrasslandFiresAEZ09,2005,OC,6.71833739621623e-05
Europe_Non_EU,UnmanagedLand,GrasslandFiresAEZ09,ProtectedGrasslandFiresAEZ09,2005,BC,1.80763561871253e-06
Europe_Non_EU,UnmanagedLand,GrasslandFiresAEZ09,ProtectedGrasslandFiresAEZ09,2005,OC,1.25748565416304e-05
India,UnmanagedLand,GrasslandFiresAEZ09,ProtectedGrasslandFiresAEZ09,2005,BC,2.80360017704832e-05
India,UnmanagedLand,GrasslandFiresAEZ09,ProtectedGrasslandFiresAEZ09,2005,OC,0.000197279539966535
Japan,UnmanagedLand,GrasslandFiresAEZ09,ProtectedGrasslandFiresAEZ09,2005,BC,1.30059563653336e-05
Japan,UnmanagedLand,GrasslandFiresAEZ09,ProtectedGrasslandFiresAEZ09,2005,OC,9.04762110605545e-05
Mexico,UnmanagedLand,GrasslandFiresAEZ09,ProtectedGrasslandFiresAEZ09,2005,BC,6.33345461787933e-05
Mexico,UnmanagedLand,GrasslandFiresAEZ09,ProtectedGrasslandFiresAEZ09,2005,OC,0.000440588139342314
Middle East,UnmanagedLand,GrasslandFiresAEZ09,ProtectedGrasslandFiresAEZ09,2005,BC,1.56079463252335e-10
Middle East,UnmanagedLand,GrasslandFiresAEZ09,ProtectedGrasslandFiresAEZ09,2005,OC,1.08577040639425e-09
Pakistan,UnmanagedLand,GrasslandFiresAEZ09,ProtectedGrasslandFiresAEZ09,2005,BC,6.15872293915376e-05
Pakistan,UnmanagedLand,GrasslandFiresAEZ09,ProtectedGrasslandFiresAEZ09,2005,OC,0.000428432868533823
Russia,UnmanagedLand,GrasslandFiresAEZ09,ProtectedGrasslandFiresAEZ09,2005,BC,2.78531072181428e-05
Russia,UnmanagedLand,GrasslandFiresAEZ09,ProtectedGrasslandFiresAEZ09,2005,OC,0.000271103394390541
South Africa,UnmanagedLand,GrasslandFiresAEZ09,ProtectedGrasslandFiresAEZ09,2005,BC,0.000103927970752007
South Africa,UnmanagedLand,GrasslandFiresAEZ09,ProtectedGrasslandFiresAEZ09,2005,OC,0.000722977165323252
South America_Southern,UnmanagedLand,GrasslandFiresAEZ09,ProtectedGrasslandFiresAEZ09,2005,BC,1.50583288674161e-06
South America_Southern,UnmanagedLand,GrasslandFiresAEZ09,ProtectedGrasslandFiresAEZ09,2005,OC,1.05050486083742e-05
South Asia,UnmanagedLand,GrasslandFiresAEZ09,ProtectedGrasslandFiresAEZ09,2005,BC,9.13725193240289e-07
South Asia,UnmanagedLand,GrasslandFiresAEZ09,ProtectedGrasslandFiresAEZ09,2005,OC,6.35634884309406e-06
Southeast Asia,UnmanagedLand,GrasslandFiresAEZ09,ProtectedGrasslandFiresAEZ09,2005,BC,2.63870306072166e-05
Southeast Asia,UnmanagedLand,GrasslandFiresAEZ09,ProtectedGrasslandFiresAEZ09,2005,OC,0.000183561942943689
Argentina,UnmanagedLand,GrasslandFiresAEZ09,ProtectedGrasslandFiresAEZ09,2005,BC,1.93174560428729e-05
Argentina,UnmanagedLand,GrasslandFiresAEZ09,ProtectedGrasslandFiresAEZ09,2005,OC,0.000139167624903912
USA,UnmanagedLand,GrasslandFiresAEZ10,ProtectedGrasslandFiresAEZ10,1975,BC,2.45274379758276e-05
USA,UnmanagedLand,GrasslandFiresAEZ10,ProtectedGrasslandFiresAEZ10,1975,OC,0.000261959912632907
Africa_Eastern,UnmanagedLand,GrasslandFiresAEZ10,ProtectedGrasslandFiresAEZ10,1975,BC,0.000170718257610337
Africa_Eastern,UnmanagedLand,GrasslandFiresAEZ10,ProtectedGrasslandFiresAEZ10,1975,OC,0.00118760992850123
Africa_Northern,UnmanagedLand,GrasslandFiresAEZ10,ProtectedGrasslandFiresAEZ10,1975,BC,1.63798943388009e-05
Africa_Northern,UnmanagedLand,GrasslandFiresAEZ10,ProtectedGrasslandFiresAEZ10,1975,OC,0.000113947080062769
Africa_Southern,UnmanagedLand,GrasslandFiresAEZ10,ProtectedGrasslandFiresAEZ10,1975,BC,9.62266253916893e-05
Africa_Southern,UnmanagedLand,GrasslandFiresAEZ10,ProtectedGrasslandFiresAEZ10,1975,OC,0.000718134456406112
Africa_Western,UnmanagedLand,GrasslandFiresAEZ10,ProtectedGrasslandFiresAEZ10,1975,BC,9.38903508831646e-05
Africa_Western,UnmanagedLand,GrasslandFiresAEZ10,ProtectedGrasslandFiresAEZ10,1975,OC,0.000653355669692079
Australia_NZ,UnmanagedLand,GrasslandFiresAEZ10,ProtectedGrasslandFiresAEZ10,1975,BC,9.52677344773469e-05
Australia_NZ,UnmanagedLand,GrasslandFiresAEZ10,ProtectedGrasslandFiresAEZ10,1975,OC,0.000662828699201625
Brazil,UnmanagedLand,GrasslandFiresAEZ10,ProtectedGrasslandFiresAEZ10,1975,BC,7.97550571932228e-05
Brazil,UnmanagedLand,GrasslandFiresAEZ10,ProtectedGrasslandFiresAEZ10,1975,OC,0.000554819286304257
Canada,UnmanagedLand,GrasslandFiresAEZ10,ProtectedGrasslandFiresAEZ10,1975,BC,9.16515114031331e-05
Canada,UnmanagedLand,GrasslandFiresAEZ10,ProtectedGrasslandFiresAEZ10,1975,OC,0.00105548747178004
Central Asia,UnmanagedLand,GrasslandFiresAEZ10,ProtectedGrasslandFiresAEZ10,1975,BC,5.8528330967722e-05
Central Asia,UnmanagedLand,GrasslandFiresAEZ10,ProtectedGrasslandFiresAEZ10,1975,OC,0.000411080032544938
China,UnmanagedLand,GrasslandFiresAEZ10,ProtectedGrasslandFiresAEZ10,1975,BC,8.67547280250524e-06
China,UnmanagedLand,GrasslandFiresAEZ10,ProtectedGrasslandFiresAEZ10,1975,OC,6.21274225970494e-05
EU-12,UnmanagedLand,GrasslandFiresAEZ10,ProtectedGrasslandFiresAEZ10,1975,BC,3.71081642617959e-06
EU-12,UnmanagedLand,GrasslandFiresAEZ10,ProtectedGrasslandFiresAEZ10,1975,OC,2.58143747567389e-05
EU-15,UnmanagedLand,GrasslandFiresAEZ10,ProtectedGrasslandFiresAEZ10,1975,BC,0
EU-15,UnmanagedLand,GrasslandFiresAEZ10,ProtectedGrasslandFiresAEZ10,1975,OC,0
Europe_Eastern,UnmanagedLand,GrasslandFiresAEZ10,ProtectedGrasslandFiresAEZ10,1975,BC,9.65760932482641e-06
Europe_Eastern,UnmanagedLand,GrasslandFiresAEZ10,ProtectedGrasslandFiresAEZ10,1975,OC,6.71833739621623e-05
Europe_Non_EU,UnmanagedLand,GrasslandFiresAEZ10,ProtectedGrasslandFiresAEZ10,1975,BC,1.80763561871253e-06
Europe_Non_EU,UnmanagedLand,GrasslandFiresAEZ10,ProtectedGrasslandFiresAEZ10,1975,OC,1.25748565416304e-05
European Free Trade Association,UnmanagedLand,GrasslandFiresAEZ10,ProtectedGrasslandFiresAEZ10,1975,BC,1.68790342441832e-07
European Free Trade Association,UnmanagedLand,GrasslandFiresAEZ10,ProtectedGrasslandFiresAEZ10,1975,OC,1.50713111172284e-06
India,UnmanagedLand,GrasslandFiresAEZ10,ProtectedGrasslandFiresAEZ10,1975,BC,2.80360017704832e-05
India,UnmanagedLand,GrasslandFiresAEZ10,ProtectedGrasslandFiresAEZ10,1975,OC,0.000197279539966535
Japan,UnmanagedLand,GrasslandFiresAEZ10,ProtectedGrasslandFiresAEZ10,1975,BC,1.30059563653336e-05
Japan,UnmanagedLand,GrasslandFiresAEZ10,ProtectedGrasslandFiresAEZ10,1975,OC,9.04762110605545e-05
Mexico,UnmanagedLand,GrasslandFiresAEZ10,ProtectedGrasslandFiresAEZ10,1975,BC,6.33345461787933e-05
Mexico,UnmanagedLand,GrasslandFiresAEZ10,ProtectedGrasslandFiresAEZ10,1975,OC,0.000440588139342314
Middle East,UnmanagedLand,GrasslandFiresAEZ10,ProtectedGrasslandFiresAEZ10,1975,BC,1.56079463252335e-10
Middle East,UnmanagedLand,GrasslandFiresAEZ10,ProtectedGrasslandFiresAEZ10,1975,OC,1.08577040639425e-09
Pakistan,UnmanagedLand,GrasslandFiresAEZ10,ProtectedGrasslandFiresAEZ10,1975,BC,6.15872293915376e-05
Pakistan,UnmanagedLand,GrasslandFiresAEZ10,ProtectedGrasslandFiresAEZ10,1975,OC,0.000428432868533823
Russia,UnmanagedLand,GrasslandFiresAEZ10,ProtectedGrasslandFiresAEZ10,1975,BC,2.78531072181428e-05
Russia,UnmanagedLand,GrasslandFiresAEZ10,ProtectedGrasslandFiresAEZ10,1975,OC,0.000271103394390541
South Africa,UnmanagedLand,GrasslandFiresAEZ10,ProtectedGrasslandFiresAEZ10,1975,BC,0.000103927970752007
South Africa,UnmanagedLand,GrasslandFiresAEZ10,ProtectedGrasslandFiresAEZ10,1975,OC,0.000722977165323252
South America_Southern,UnmanagedLand,GrasslandFiresAEZ10,ProtectedGrasslandFiresAEZ10,1975,BC,1.50583288674161e-06
South America_Southern,UnmanagedLand,GrasslandFiresAEZ10,ProtectedGrasslandFiresAEZ10,1975,OC,1.05050486083742e-05
South Asia,UnmanagedLand,GrasslandFiresAEZ10,ProtectedGrasslandFiresAEZ10,1975,BC,9.13725193240289e-07
South Asia,UnmanagedLand,GrasslandFiresAEZ10,ProtectedGrasslandFiresAEZ10,1975,OC,6.35634884309406e-06
South Korea,UnmanagedLand,GrasslandFiresAEZ10,ProtectedGrasslandFiresAEZ10,1975,BC,3.89936437327816e-05
South Korea,UnmanagedLand,GrasslandFiresAEZ10,ProtectedGrasslandFiresAEZ10,1975,OC,0.000271260139570873
Southeast Asia,UnmanagedLand,GrasslandFiresAEZ10,ProtectedGrasslandFiresAEZ10,1975,BC,2.63870306072166e-05
Southeast Asia,UnmanagedLand,GrasslandFiresAEZ10,ProtectedGrasslandFiresAEZ10,1975,OC,0.000183561942943689
Argentina,UnmanagedLand,GrasslandFiresAEZ10,ProtectedGrasslandFiresAEZ10,1975,BC,1.93174560428729e-05
Argentina,UnmanagedLand,GrasslandFiresAEZ10,ProtectedGrasslandFiresAEZ10,1975,OC,0.000139167624903912
USA,UnmanagedLand,GrasslandFiresAEZ10,ProtectedGrasslandFiresAEZ10,1990,BC,2.45274379758276e-05
USA,UnmanagedLand,GrasslandFiresAEZ10,ProtectedGrasslandFiresAEZ10,1990,OC,0.000261959912632907
Africa_Eastern,UnmanagedLand,GrasslandFiresAEZ10,ProtectedGrasslandFiresAEZ10,1990,BC,0.000170718257610337
Africa_Eastern,UnmanagedLand,GrasslandFiresAEZ10,ProtectedGrasslandFiresAEZ10,1990,OC,0.00118760992850123
Africa_Northern,UnmanagedLand,GrasslandFiresAEZ10,ProtectedGrasslandFiresAEZ10,1990,BC,1.63798943388009e-05
Africa_Northern,UnmanagedLand,GrasslandFiresAEZ10,ProtectedGrasslandFiresAEZ10,1990,OC,0.000113947080062769
Africa_Southern,UnmanagedLand,GrasslandFiresAEZ10,ProtectedGrasslandFiresAEZ10,1990,BC,9.62266253916893e-05
Africa_Southern,UnmanagedLand,GrasslandFiresAEZ10,ProtectedGrasslandFiresAEZ10,1990,OC,0.000718134456406112
Africa_Western,UnmanagedLand,GrasslandFiresAEZ10,ProtectedGrasslandFiresAEZ10,1990,BC,9.38903508831646e-05
Africa_Western,UnmanagedLand,GrasslandFiresAEZ10,ProtectedGrasslandFiresAEZ10,1990,OC,0.000653355669692079
Australia_NZ,UnmanagedLand,GrasslandFiresAEZ10,ProtectedGrasslandFiresAEZ10,1990,BC,9.52677344773469e-05
Australia_NZ,UnmanagedLand,GrasslandFiresAEZ10,ProtectedGrasslandFiresAEZ10,1990,OC,0.000662828699201625
Brazil,UnmanagedLand,GrasslandFiresAEZ10,ProtectedGrasslandFiresAEZ10,1990,BC,7.97550571932228e-05
Brazil,UnmanagedLand,GrasslandFiresAEZ10,ProtectedGrasslandFiresAEZ10,1990,OC,0.000554819286304257
Canada,UnmanagedLand,GrasslandFiresAEZ10,ProtectedGrasslandFiresAEZ10,1990,BC,9.16515114031331e-05
Canada,UnmanagedLand,GrasslandFiresAEZ10,ProtectedGrasslandFiresAEZ10,1990,OC,0.00105548747178004
Central Asia,UnmanagedLand,GrasslandFiresAEZ10,ProtectedGrasslandFiresAEZ10,1990,BC,5.8528330967722e-05
Central Asia,UnmanagedLand,GrasslandFiresAEZ10,ProtectedGrasslandFiresAEZ10,1990,OC,0.000411080032544938
China,UnmanagedLand,GrasslandFiresAEZ10,ProtectedGrasslandFiresAEZ10,1990,BC,8.67547280250524e-06
China,UnmanagedLand,GrasslandFiresAEZ10,ProtectedGrasslandFiresAEZ10,1990,OC,6.21274225970494e-05
EU-12,UnmanagedLand,GrasslandFiresAEZ10,ProtectedGrasslandFiresAEZ10,1990,BC,3.71081642617959e-06
EU-12,UnmanagedLand,GrasslandFiresAEZ10,ProtectedGrasslandFiresAEZ10,1990,OC,2.58143747567389e-05
EU-15,UnmanagedLand,GrasslandFiresAEZ10,ProtectedGrasslandFiresAEZ10,1990,BC,0
EU-15,UnmanagedLand,GrasslandFiresAEZ10,ProtectedGrasslandFiresAEZ10,1990,OC,0
Europe_Eastern,UnmanagedLand,GrasslandFiresAEZ10,ProtectedGrasslandFiresAEZ10,1990,BC,9.65760932482641e-06
Europe_Eastern,UnmanagedLand,GrasslandFiresAEZ10,ProtectedGrasslandFiresAEZ10,1990,OC,6.71833739621623e-05
Europe_Non_EU,UnmanagedLand,GrasslandFiresAEZ10,ProtectedGrasslandFiresAEZ10,1990,BC,1.80763561871253e-06
Europe_Non_EU,UnmanagedLand,GrasslandFiresAEZ10,ProtectedGrasslandFiresAEZ10,1990,OC,1.25748565416304e-05
European Free Trade Association,UnmanagedLand,GrasslandFiresAEZ10,ProtectedGrasslandFiresAEZ10,1990,BC,1.68790342441832e-07
European Free Trade Association,UnmanagedLand,GrasslandFiresAEZ10,ProtectedGrasslandFiresAEZ10,1990,OC,1.50713111172284e-06
India,UnmanagedLand,GrasslandFiresAEZ10,ProtectedGrasslandFiresAEZ10,1990,BC,2.80360017704832e-05
India,UnmanagedLand,GrasslandFiresAEZ10,ProtectedGrasslandFiresAEZ10,1990,OC,0.000197279539966535
Japan,UnmanagedLand,GrasslandFiresAEZ10,ProtectedGrasslandFiresAEZ10,1990,BC,1.30059563653336e-05
Japan,UnmanagedLand,GrasslandFiresAEZ10,ProtectedGrasslandFiresAEZ10,1990,OC,9.04762110605545e-05
Mexico,UnmanagedLand,GrasslandFiresAEZ10,ProtectedGrasslandFiresAEZ10,1990,BC,6.33345461787933e-05
Mexico,UnmanagedLand,GrasslandFiresAEZ10,ProtectedGrasslandFiresAEZ10,1990,OC,0.000440588139342314
Middle East,UnmanagedLand,GrasslandFiresAEZ10,ProtectedGrasslandFiresAEZ10,1990,BC,1.56079463252335e-10
Middle East,UnmanagedLand,GrasslandFiresAEZ10,ProtectedGrasslandFiresAEZ10,1990,OC,1.08577040639425e-09
Pakistan,UnmanagedLand,GrasslandFiresAEZ10,ProtectedGrasslandFiresAEZ10,1990,BC,6.15872293915376e-05
Pakistan,UnmanagedLand,GrasslandFiresAEZ10,ProtectedGrasslandFiresAEZ10,1990,OC,0.000428432868533823
Russia,UnmanagedLand,GrasslandFiresAEZ10,ProtectedGrasslandFiresAEZ10,1990,BC,2.78531072181428e-05
Russia,UnmanagedLand,GrasslandFiresAEZ10,ProtectedGrasslandFiresAEZ10,1990,OC,0.000271103394390541
South Africa,UnmanagedLand,GrasslandFiresAEZ10,ProtectedGrasslandFiresAEZ10,1990,BC,0.000103927970752007
South Africa,UnmanagedLand,GrasslandFiresAEZ10,ProtectedGrasslandFiresAEZ10,1990,OC,0.000722977165323252
South America_Southern,UnmanagedLand,GrasslandFiresAEZ10,ProtectedGrasslandFiresAEZ10,1990,BC,1.50583288674161e-06
South America_Southern,UnmanagedLand,GrasslandFiresAEZ10,ProtectedGrasslandFiresAEZ10,1990,OC,1.05050486083742e-05
South Asia,UnmanagedLand,GrasslandFiresAEZ10,ProtectedGrasslandFiresAEZ10,1990,BC,9.13725193240289e-07
South Asia,UnmanagedLand,GrasslandFiresAEZ10,ProtectedGrasslandFiresAEZ10,1990,OC,6.35634884309406e-06
South Korea,UnmanagedLand,GrasslandFiresAEZ10,ProtectedGrasslandFiresAEZ10,1990,BC,3.89936437327816e-05
South Korea,UnmanagedLand,GrasslandFiresAEZ10,ProtectedGrasslandFiresAEZ10,1990,OC,0.000271260139570873
Southeast Asia,UnmanagedLand,GrasslandFiresAEZ10,ProtectedGrasslandFiresAEZ10,1990,BC,2.63870306072166e-05
Southeast Asia,UnmanagedLand,GrasslandFiresAEZ10,ProtectedGrasslandFiresAEZ10,1990,OC,0.000183561942943689
Argentina,UnmanagedLand,GrasslandFiresAEZ10,ProtectedGrasslandFiresAEZ10,1990,BC,1.93174560428729e-05
Argentina,UnmanagedLand,GrasslandFiresAEZ10,ProtectedGrasslandFiresAEZ10,1990,OC,0.000139167624903912
USA,UnmanagedLand,GrasslandFiresAEZ10,ProtectedGrasslandFiresAEZ10,2005,BC,2.45274379758276e-05
USA,UnmanagedLand,GrasslandFiresAEZ10,ProtectedGrasslandFiresAEZ10,2005,OC,0.000261959912632907
Africa_Eastern,UnmanagedLand,GrasslandFiresAEZ10,ProtectedGrasslandFiresAEZ10,2005,BC,0.000170718257610337
Africa_Eastern,UnmanagedLand,GrasslandFiresAEZ10,ProtectedGrasslandFiresAEZ10,2005,OC,0.00118760992850123
Africa_Northern,UnmanagedLand,GrasslandFiresAEZ10,ProtectedGrasslandFiresAEZ10,2005,BC,1.63798943388009e-05
Africa_Northern,UnmanagedLand,GrasslandFiresAEZ10,ProtectedGrasslandFiresAEZ10,2005,OC,0.000113947080062769
Africa_Southern,UnmanagedLand,GrasslandFiresAEZ10,ProtectedGrasslandFiresAEZ10,2005,BC,9.62266253916893e-05
Africa_Southern,UnmanagedLand,GrasslandFiresAEZ10,ProtectedGrasslandFiresAEZ10,2005,OC,0.000718134456406112
Africa_Western,UnmanagedLand,GrasslandFiresAEZ10,ProtectedGrasslandFiresAEZ10,2005,BC,9.38903508831646e-05
Africa_Western,UnmanagedLand,GrasslandFiresAEZ10,ProtectedGrasslandFiresAEZ10,2005,OC,0.000653355669692079
Australia_NZ,UnmanagedLand,GrasslandFiresAEZ10,ProtectedGrasslandFiresAEZ10,2005,BC,9.52677344773469e-05
Australia_NZ,UnmanagedLand,GrasslandFiresAEZ10,ProtectedGrasslandFiresAEZ10,2005,OC,0.000662828699201625
Brazil,UnmanagedLand,GrasslandFiresAEZ10,ProtectedGrasslandFiresAEZ10,2005,BC,7.97550571932228e-05
Brazil,UnmanagedLand,GrasslandFiresAEZ10,ProtectedGrasslandFiresAEZ10,2005,OC,0.000554819286304257
Canada,UnmanagedLand,GrasslandFiresAEZ10,ProtectedGrasslandFiresAEZ10,2005,BC,9.16515114031331e-05
Canada,UnmanagedLand,GrasslandFiresAEZ10,ProtectedGrasslandFiresAEZ10,2005,OC,0.00105548747178004
Central Asia,UnmanagedLand,GrasslandFiresAEZ10,ProtectedGrasslandFiresAEZ10,2005,BC,5.8528330967722e-05
Central Asia,UnmanagedLand,GrasslandFiresAEZ10,ProtectedGrasslandFiresAEZ10,2005,OC,0.000411080032544938
China,UnmanagedLand,GrasslandFiresAEZ10,ProtectedGrasslandFiresAEZ10,2005,BC,8.67547280250524e-06
China,UnmanagedLand,GrasslandFiresAEZ10,ProtectedGrasslandFiresAEZ10,2005,OC,6.21274225970494e-05
EU-12,UnmanagedLand,GrasslandFiresAEZ10,ProtectedGrasslandFiresAEZ10,2005,BC,3.71081642617959e-06
EU-12,UnmanagedLand,GrasslandFiresAEZ10,ProtectedGrasslandFiresAEZ10,2005,OC,2.58143747567389e-05
EU-15,UnmanagedLand,GrasslandFiresAEZ10,ProtectedGrasslandFiresAEZ10,2005,BC,0
EU-15,UnmanagedLand,GrasslandFiresAEZ10,ProtectedGrasslandFiresAEZ10,2005,OC,0
Europe_Eastern,UnmanagedLand,GrasslandFiresAEZ10,ProtectedGrasslandFiresAEZ10,2005,BC,9.65760932482641e-06
Europe_Eastern,UnmanagedLand,GrasslandFiresAEZ10,ProtectedGrasslandFiresAEZ10,2005,OC,6.71833739621623e-05
Europe_Non_EU,UnmanagedLand,GrasslandFiresAEZ10,ProtectedGrasslandFiresAEZ10,2005,BC,1.80763561871253e-06
Europe_Non_EU,UnmanagedLand,GrasslandFiresAEZ10,ProtectedGrasslandFiresAEZ10,2005,OC,1.25748565416304e-05
European Free Trade Association,UnmanagedLand,GrasslandFiresAEZ10,ProtectedGrasslandFiresAEZ10,2005,BC,1.68790342441832e-07
European Free Trade Association,UnmanagedLand,GrasslandFiresAEZ10,ProtectedGrasslandFiresAEZ10,2005,OC,1.50713111172284e-06
India,UnmanagedLand,GrasslandFiresAEZ10,ProtectedGrasslandFiresAEZ10,2005,BC,2.80360017704832e-05
India,UnmanagedLand,GrasslandFiresAEZ10,ProtectedGrasslandFiresAEZ10,2005,OC,0.000197279539966535
Japan,UnmanagedLand,GrasslandFiresAEZ10,ProtectedGrasslandFiresAEZ10,2005,BC,1.30059563653336e-05
Japan,UnmanagedLand,GrasslandFiresAEZ10,ProtectedGrasslandFiresAEZ10,2005,OC,9.04762110605545e-05
Mexico,UnmanagedLand,GrasslandFiresAEZ10,ProtectedGrasslandFiresAEZ10,2005,BC,6.33345461787933e-05
Mexico,UnmanagedLand,GrasslandFiresAEZ10,ProtectedGrasslandFiresAEZ10,2005,OC,0.000440588139342314
Middle East,UnmanagedLand,GrasslandFiresAEZ10,ProtectedGrasslandFiresAEZ10,2005,BC,1.56079463252335e-10
Middle East,UnmanagedLand,GrasslandFiresAEZ10,ProtectedGrasslandFiresAEZ10,2005,OC,1.08577040639425e-09
Pakistan,UnmanagedLand,GrasslandFiresAEZ10,ProtectedGrasslandFiresAEZ10,2005,BC,6.15872293915376e-05
Pakistan,UnmanagedLand,GrasslandFiresAEZ10,ProtectedGrasslandFiresAEZ10,2005,OC,0.000428432868533823
Russia,UnmanagedLand,GrasslandFiresAEZ10,ProtectedGrasslandFiresAEZ10,2005,BC,2.78531072181428e-05
Russia,UnmanagedLand,GrasslandFiresAEZ10,ProtectedGrasslandFiresAEZ10,2005,OC,0.000271103394390541
South Africa,UnmanagedLand,GrasslandFiresAEZ10,ProtectedGrasslandFiresAEZ10,2005,BC,0.000103927970752007
South Africa,UnmanagedLand,GrasslandFiresAEZ10,ProtectedGrasslandFiresAEZ10,2005,OC,0.000722977165323252
South America_Southern,UnmanagedLand,GrasslandFiresAEZ10,ProtectedGrasslandFiresAEZ10,2005,BC,1.50583288674161e-06
South America_Southern,UnmanagedLand,GrasslandFiresAEZ10,ProtectedGrasslandFiresAEZ10,2005,OC,1.05050486083742e-05
South Asia,UnmanagedLand,GrasslandFiresAEZ10,ProtectedGrasslandFiresAEZ10,2005,BC,9.13725193240289e-07
South Asia,UnmanagedLand,GrasslandFiresAEZ10,ProtectedGrasslandFiresAEZ10,2005,OC,6.35634884309406e-06
South Korea,UnmanagedLand,GrasslandFiresAEZ10,ProtectedGrasslandFiresAEZ10,2005,BC,3.89936437327816e-05
South Korea,UnmanagedLand,GrasslandFiresAEZ10,ProtectedGrasslandFiresAEZ10,2005,OC,0.000271260139570873
Southeast Asia,UnmanagedLand,GrasslandFiresAEZ10,ProtectedGrasslandFiresAEZ10,2005,BC,2.63870306072166e-05
Southeast Asia,UnmanagedLand,GrasslandFiresAEZ10,ProtectedGrasslandFiresAEZ10,2005,OC,0.000183561942943689
Argentina,UnmanagedLand,GrasslandFiresAEZ10,ProtectedGrasslandFiresAEZ10,2005,BC,1.93174560428729e-05
Argentina,UnmanagedLand,GrasslandFiresAEZ10,ProtectedGrasslandFiresAEZ10,2005,OC,0.000139167624903912
USA,UnmanagedLand,GrasslandFiresAEZ11,ProtectedGrasslandFiresAEZ11,1975,BC,2.45274379758276e-05
USA,UnmanagedLand,GrasslandFiresAEZ11,ProtectedGrasslandFiresAEZ11,1975,OC,0.000261959912632907
Africa_Eastern,UnmanagedLand,GrasslandFiresAEZ11,ProtectedGrasslandFiresAEZ11,1975,BC,0.000170718257610337
Africa_Eastern,UnmanagedLand,GrasslandFiresAEZ11,ProtectedGrasslandFiresAEZ11,1975,OC,0.00118760992850123
Africa_Southern,UnmanagedLand,GrasslandFiresAEZ11,ProtectedGrasslandFiresAEZ11,1975,BC,9.62266253916893e-05
Africa_Southern,UnmanagedLand,GrasslandFiresAEZ11,ProtectedGrasslandFiresAEZ11,1975,OC,0.000718134456406112
Australia_NZ,UnmanagedLand,GrasslandFiresAEZ11,ProtectedGrasslandFiresAEZ11,1975,BC,9.52677344773469e-05
Australia_NZ,UnmanagedLand,GrasslandFiresAEZ11,ProtectedGrasslandFiresAEZ11,1975,OC,0.000662828699201625
Brazil,UnmanagedLand,GrasslandFiresAEZ11,ProtectedGrasslandFiresAEZ11,1975,BC,7.97550571932228e-05
Brazil,UnmanagedLand,GrasslandFiresAEZ11,ProtectedGrasslandFiresAEZ11,1975,OC,0.000554819286304257
Canada,UnmanagedLand,GrasslandFiresAEZ11,ProtectedGrasslandFiresAEZ11,1975,BC,9.16515114031331e-05
Canada,UnmanagedLand,GrasslandFiresAEZ11,ProtectedGrasslandFiresAEZ11,1975,OC,0.00105548747178004
Central Asia,UnmanagedLand,GrasslandFiresAEZ11,ProtectedGrasslandFiresAEZ11,1975,BC,5.8528330967722e-05
Central Asia,UnmanagedLand,GrasslandFiresAEZ11,ProtectedGrasslandFiresAEZ11,1975,OC,0.000411080032544938
China,UnmanagedLand,GrasslandFiresAEZ11,ProtectedGrasslandFiresAEZ11,1975,BC,8.67547280250524e-06
China,UnmanagedLand,GrasslandFiresAEZ11,ProtectedGrasslandFiresAEZ11,1975,OC,6.21274225970494e-05
EU-12,UnmanagedLand,GrasslandFiresAEZ11,ProtectedGrasslandFiresAEZ11,1975,BC,3.71081642617959e-06
EU-12,UnmanagedLand,GrasslandFiresAEZ11,ProtectedGrasslandFiresAEZ11,1975,OC,2.58143747567389e-05
EU-15,UnmanagedLand,GrasslandFiresAEZ11,ProtectedGrasslandFiresAEZ11,1975,BC,0
EU-15,UnmanagedLand,GrasslandFiresAEZ11,ProtectedGrasslandFiresAEZ11,1975,OC,0
Europe_Non_EU,UnmanagedLand,GrasslandFiresAEZ11,ProtectedGrasslandFiresAEZ11,1975,BC,1.80763561871253e-06
Europe_Non_EU,UnmanagedLand,GrasslandFiresAEZ11,ProtectedGrasslandFiresAEZ11,1975,OC,1.25748565416304e-05
India,UnmanagedLand,GrasslandFiresAEZ11,ProtectedGrasslandFiresAEZ11,1975,BC,2.80360017704832e-05
India,UnmanagedLand,GrasslandFiresAEZ11,ProtectedGrasslandFiresAEZ11,1975,OC,0.000197279539966535
Japan,UnmanagedLand,GrasslandFiresAEZ11,ProtectedGrasslandFiresAEZ11,1975,BC,1.30059563653336e-05
Japan,UnmanagedLand,GrasslandFiresAEZ11,ProtectedGrasslandFiresAEZ11,1975,OC,9.04762110605545e-05
Mexico,UnmanagedLand,GrasslandFiresAEZ11,ProtectedGrasslandFiresAEZ11,1975,BC,6.33345461787933e-05
Mexico,UnmanagedLand,GrasslandFiresAEZ11,ProtectedGrasslandFiresAEZ11,1975,OC,0.000440588139342314
Pakistan,UnmanagedLand,GrasslandFiresAEZ11,ProtectedGrasslandFiresAEZ11,1975,BC,6.15872293915376e-05
Pakistan,UnmanagedLand,GrasslandFiresAEZ11,ProtectedGrasslandFiresAEZ11,1975,OC,0.000428432868533823
Russia,UnmanagedLand,GrasslandFiresAEZ11,ProtectedGrasslandFiresAEZ11,1975,BC,2.78531072181428e-05
Russia,UnmanagedLand,GrasslandFiresAEZ11,ProtectedGrasslandFiresAEZ11,1975,OC,0.000271103394390541
South Africa,UnmanagedLand,GrasslandFiresAEZ11,ProtectedGrasslandFiresAEZ11,1975,BC,0.000103927970752007
South Africa,UnmanagedLand,GrasslandFiresAEZ11,ProtectedGrasslandFiresAEZ11,1975,OC,0.000722977165323252
South America_Southern,UnmanagedLand,GrasslandFiresAEZ11,ProtectedGrasslandFiresAEZ11,1975,BC,1.50583288674161e-06
South America_Southern,UnmanagedLand,GrasslandFiresAEZ11,ProtectedGrasslandFiresAEZ11,1975,OC,1.05050486083742e-05
South Asia,UnmanagedLand,GrasslandFiresAEZ11,ProtectedGrasslandFiresAEZ11,1975,BC,9.13725193240289e-07
South Asia,UnmanagedLand,GrasslandFiresAEZ11,ProtectedGrasslandFiresAEZ11,1975,OC,6.35634884309406e-06
South Korea,UnmanagedLand,GrasslandFiresAEZ11,ProtectedGrasslandFiresAEZ11,1975,BC,3.89936437327816e-05
South Korea,UnmanagedLand,GrasslandFiresAEZ11,ProtectedGrasslandFiresAEZ11,1975,OC,0.000271260139570873
Southeast Asia,UnmanagedLand,GrasslandFiresAEZ11,ProtectedGrasslandFiresAEZ11,1975,BC,2.63870306072166e-05
Southeast Asia,UnmanagedLand,GrasslandFiresAEZ11,ProtectedGrasslandFiresAEZ11,1975,OC,0.000183561942943689
Argentina,UnmanagedLand,GrasslandFiresAEZ11,ProtectedGrasslandFiresAEZ11,1975,BC,1.93174560428729e-05
Argentina,UnmanagedLand,GrasslandFiresAEZ11,ProtectedGrasslandFiresAEZ11,1975,OC,0.000139167624903912
Colombia,UnmanagedLand,GrasslandFiresAEZ11,ProtectedGrasslandFiresAEZ11,1975,BC,6.07982746479006e-05
Colombia,UnmanagedLand,GrasslandFiresAEZ11,ProtectedGrasslandFiresAEZ11,1975,OC,0.000475646699828574
USA,UnmanagedLand,GrasslandFiresAEZ11,ProtectedGrasslandFiresAEZ11,1990,BC,2.45274379758276e-05
USA,UnmanagedLand,GrasslandFiresAEZ11,ProtectedGrasslandFiresAEZ11,1990,OC,0.000261959912632907
Africa_Eastern,UnmanagedLand,GrasslandFiresAEZ11,ProtectedGrasslandFiresAEZ11,1990,BC,0.000170718257610337
Africa_Eastern,UnmanagedLand,GrasslandFiresAEZ11,ProtectedGrasslandFiresAEZ11,1990,OC,0.00118760992850123
Africa_Southern,UnmanagedLand,GrasslandFiresAEZ11,ProtectedGrasslandFiresAEZ11,1990,BC,9.62266253916893e-05
Africa_Southern,UnmanagedLand,GrasslandFiresAEZ11,ProtectedGrasslandFiresAEZ11,1990,OC,0.000718134456406112
Australia_NZ,UnmanagedLand,GrasslandFiresAEZ11,ProtectedGrasslandFiresAEZ11,1990,BC,9.52677344773469e-05
Australia_NZ,UnmanagedLand,GrasslandFiresAEZ11,ProtectedGrasslandFiresAEZ11,1990,OC,0.000662828699201625
Brazil,UnmanagedLand,GrasslandFiresAEZ11,ProtectedGrasslandFiresAEZ11,1990,BC,7.97550571932228e-05
Brazil,UnmanagedLand,GrasslandFiresAEZ11,ProtectedGrasslandFiresAEZ11,1990,OC,0.000554819286304257
Canada,UnmanagedLand,GrasslandFiresAEZ11,ProtectedGrasslandFiresAEZ11,1990,BC,9.16515114031331e-05
Canada,UnmanagedLand,GrasslandFiresAEZ11,ProtectedGrasslandFiresAEZ11,1990,OC,0.00105548747178004
Central Asia,UnmanagedLand,GrasslandFiresAEZ11,ProtectedGrasslandFiresAEZ11,1990,BC,5.8528330967722e-05
Central Asia,UnmanagedLand,GrasslandFiresAEZ11,ProtectedGrasslandFiresAEZ11,1990,OC,0.000411080032544938
China,UnmanagedLand,GrasslandFiresAEZ11,ProtectedGrasslandFiresAEZ11,1990,BC,8.67547280250524e-06
China,UnmanagedLand,GrasslandFiresAEZ11,ProtectedGrasslandFiresAEZ11,1990,OC,6.21274225970494e-05
EU-12,UnmanagedLand,GrasslandFiresAEZ11,ProtectedGrasslandFiresAEZ11,1990,BC,3.71081642617959e-06
EU-12,UnmanagedLand,GrasslandFiresAEZ11,ProtectedGrasslandFiresAEZ11,1990,OC,2.58143747567389e-05
EU-15,UnmanagedLand,GrasslandFiresAEZ11,ProtectedGrasslandFiresAEZ11,1990,BC,0
EU-15,UnmanagedLand,GrasslandFiresAEZ11,ProtectedGrasslandFiresAEZ11,1990,OC,0
Europe_Non_EU,UnmanagedLand,GrasslandFiresAEZ11,ProtectedGrasslandFiresAEZ11,1990,BC,1.80763561871253e-06
Europe_Non_EU,UnmanagedLand,GrasslandFiresAEZ11,ProtectedGrasslandFiresAEZ11,1990,OC,1.25748565416304e-05
India,UnmanagedLand,GrasslandFiresAEZ11,ProtectedGrasslandFiresAEZ11,1990,BC,2.80360017704832e-05
India,UnmanagedLand,GrasslandFiresAEZ11,ProtectedGrasslandFiresAEZ11,1990,OC,0.000197279539966535
Japan,UnmanagedLand,GrasslandFiresAEZ11,ProtectedGrasslandFiresAEZ11,1990,BC,1.30059563653336e-05
Japan,UnmanagedLand,GrasslandFiresAEZ11,ProtectedGrasslandFiresAEZ11,1990,OC,9.04762110605545e-05
Mexico,UnmanagedLand,GrasslandFiresAEZ11,ProtectedGrasslandFiresAEZ11,1990,BC,6.33345461787933e-05
Mexico,UnmanagedLand,GrasslandFiresAEZ11,ProtectedGrasslandFiresAEZ11,1990,OC,0.000440588139342314
Pakistan,UnmanagedLand,GrasslandFiresAEZ11,ProtectedGrasslandFiresAEZ11,1990,BC,6.15872293915376e-05
Pakistan,UnmanagedLand,GrasslandFiresAEZ11,ProtectedGrasslandFiresAEZ11,1990,OC,0.000428432868533823
Russia,UnmanagedLand,GrasslandFiresAEZ11,ProtectedGrasslandFiresAEZ11,1990,BC,2.78531072181428e-05
Russia,UnmanagedLand,GrasslandFiresAEZ11,ProtectedGrasslandFiresAEZ11,1990,OC,0.000271103394390541
South Africa,UnmanagedLand,GrasslandFiresAEZ11,ProtectedGrasslandFiresAEZ11,1990,BC,0.000103927970752007
South Africa,UnmanagedLand,GrasslandFiresAEZ11,ProtectedGrasslandFiresAEZ11,1990,OC,0.000722977165323252
South America_Southern,UnmanagedLand,GrasslandFiresAEZ11,ProtectedGrasslandFiresAEZ11,1990,BC,1.50583288674161e-06
South America_Southern,UnmanagedLand,GrasslandFiresAEZ11,ProtectedGrasslandFiresAEZ11,1990,OC,1.05050486083742e-05
South Asia,UnmanagedLand,GrasslandFiresAEZ11,ProtectedGrasslandFiresAEZ11,1990,BC,9.13725193240289e-07
South Asia,UnmanagedLand,GrasslandFiresAEZ11,ProtectedGrasslandFiresAEZ11,1990,OC,6.35634884309406e-06
South Korea,UnmanagedLand,GrasslandFiresAEZ11,ProtectedGrasslandFiresAEZ11,1990,BC,3.89936437327816e-05
South Korea,UnmanagedLand,GrasslandFiresAEZ11,ProtectedGrasslandFiresAEZ11,1990,OC,0.000271260139570873
Southeast Asia,UnmanagedLand,GrasslandFiresAEZ11,ProtectedGrasslandFiresAEZ11,1990,BC,2.63870306072166e-05
Southeast Asia,UnmanagedLand,GrasslandFiresAEZ11,ProtectedGrasslandFiresAEZ11,1990,OC,0.000183561942943689
Argentina,UnmanagedLand,GrasslandFiresAEZ11,ProtectedGrasslandFiresAEZ11,1990,BC,1.93174560428729e-05
Argentina,UnmanagedLand,GrasslandFiresAEZ11,ProtectedGrasslandFiresAEZ11,1990,OC,0.000139167624903912
Colombia,UnmanagedLand,GrasslandFiresAEZ11,ProtectedGrasslandFiresAEZ11,1990,BC,6.07982746479006e-05
Colombia,UnmanagedLand,GrasslandFiresAEZ11,ProtectedGrasslandFiresAEZ11,1990,OC,0.000475646699828574
USA,UnmanagedLand,GrasslandFiresAEZ11,ProtectedGrasslandFiresAEZ11,2005,BC,2.45274379758276e-05
USA,UnmanagedLand,GrasslandFiresAEZ11,ProtectedGrasslandFiresAEZ11,2005,OC,0.000261959912632907
Africa_Eastern,UnmanagedLand,GrasslandFiresAEZ11,ProtectedGrasslandFiresAEZ11,2005,BC,0.000170718257610337
Africa_Eastern,UnmanagedLand,GrasslandFiresAEZ11,ProtectedGrasslandFiresAEZ11,2005,OC,0.00118760992850123
Africa_Southern,UnmanagedLand,GrasslandFiresAEZ11,ProtectedGrasslandFiresAEZ11,2005,BC,9.62266253916893e-05
Africa_Southern,UnmanagedLand,GrasslandFiresAEZ11,ProtectedGrasslandFiresAEZ11,2005,OC,0.000718134456406112
Australia_NZ,UnmanagedLand,GrasslandFiresAEZ11,ProtectedGrasslandFiresAEZ11,2005,BC,9.52677344773469e-05
Australia_NZ,UnmanagedLand,GrasslandFiresAEZ11,ProtectedGrasslandFiresAEZ11,2005,OC,0.000662828699201625
Brazil,UnmanagedLand,GrasslandFiresAEZ11,ProtectedGrasslandFiresAEZ11,2005,BC,7.97550571932228e-05
Brazil,UnmanagedLand,GrasslandFiresAEZ11,ProtectedGrasslandFiresAEZ11,2005,OC,0.000554819286304257
Canada,UnmanagedLand,GrasslandFiresAEZ11,ProtectedGrasslandFiresAEZ11,2005,BC,9.16515114031331e-05
Canada,UnmanagedLand,GrasslandFiresAEZ11,ProtectedGrasslandFiresAEZ11,2005,OC,0.00105548747178004
Central Asia,UnmanagedLand,GrasslandFiresAEZ11,ProtectedGrasslandFiresAEZ11,2005,BC,5.8528330967722e-05
Central Asia,UnmanagedLand,GrasslandFiresAEZ11,ProtectedGrasslandFiresAEZ11,2005,OC,0.000411080032544938
China,UnmanagedLand,GrasslandFiresAEZ11,ProtectedGrasslandFiresAEZ11,2005,BC,8.67547280250524e-06
China,UnmanagedLand,GrasslandFiresAEZ11,ProtectedGrasslandFiresAEZ11,2005,OC,6.21274225970494e-05
EU-12,UnmanagedLand,GrasslandFiresAEZ11,ProtectedGrasslandFiresAEZ11,2005,BC,3.71081642617959e-06
EU-12,UnmanagedLand,GrasslandFiresAEZ11,ProtectedGrasslandFiresAEZ11,2005,OC,2.58143747567389e-05
EU-15,UnmanagedLand,GrasslandFiresAEZ11,ProtectedGrasslandFiresAEZ11,2005,BC,0
EU-15,UnmanagedLand,GrasslandFiresAEZ11,ProtectedGrasslandFiresAEZ11,2005,OC,0
Europe_Non_EU,UnmanagedLand,GrasslandFiresAEZ11,ProtectedGrasslandFiresAEZ11,2005,BC,1.80763561871253e-06
Europe_Non_EU,UnmanagedLand,GrasslandFiresAEZ11,ProtectedGrasslandFiresAEZ11,2005,OC,1.25748565416304e-05
India,UnmanagedLand,GrasslandFiresAEZ11,ProtectedGrasslandFiresAEZ11,2005,BC,2.80360017704832e-05
India,UnmanagedLand,GrasslandFiresAEZ11,ProtectedGrasslandFiresAEZ11,2005,OC,0.000197279539966535
Japan,UnmanagedLand,GrasslandFiresAEZ11,ProtectedGrasslandFiresAEZ11,2005,BC,1.30059563653336e-05
Japan,UnmanagedLand,GrasslandFiresAEZ11,ProtectedGrasslandFiresAEZ11,2005,OC,9.04762110605545e-05
Mexico,UnmanagedLand,GrasslandFiresAEZ11,ProtectedGrasslandFiresAEZ11,2005,BC,6.33345461787933e-05
Mexico,UnmanagedLand,GrasslandFiresAEZ11,ProtectedGrasslandFiresAEZ11,2005,OC,0.000440588139342314
Pakistan,UnmanagedLand,GrasslandFiresAEZ11,ProtectedGrasslandFiresAEZ11,2005,BC,6.15872293915376e-05
Pakistan,UnmanagedLand,GrasslandFiresAEZ11,ProtectedGrasslandFiresAEZ11,2005,OC,0.000428432868533823
Russia,UnmanagedLand,GrasslandFiresAEZ11,ProtectedGrasslandFiresAEZ11,2005,BC,2.78531072181428e-05
Russia,UnmanagedLand,GrasslandFiresAEZ11,ProtectedGrasslandFiresAEZ11,2005,OC,0.000271103394390541
South Africa,UnmanagedLand,GrasslandFiresAEZ11,ProtectedGrasslandFiresAEZ11,2005,BC,0.000103927970752007
South Africa,UnmanagedLand,GrasslandFiresAEZ11,ProtectedGrasslandFiresAEZ11,2005,OC,0.000722977165323252
South America_Southern,UnmanagedLand,GrasslandFiresAEZ11,ProtectedGrasslandFiresAEZ11,2005,BC,1.50583288674161e-06
South America_Southern,UnmanagedLand,GrasslandFiresAEZ11,ProtectedGrasslandFiresAEZ11,2005,OC,1.05050486083742e-05
South Asia,UnmanagedLand,GrasslandFiresAEZ11,ProtectedGrasslandFiresAEZ11,2005,BC,9.13725193240289e-07
South Asia,UnmanagedLand,GrasslandFiresAEZ11,ProtectedGrasslandFiresAEZ11,2005,OC,6.35634884309406e-06
South Korea,UnmanagedLand,GrasslandFiresAEZ11,ProtectedGrasslandFiresAEZ11,2005,BC,3.89936437327816e-05
South Korea,UnmanagedLand,GrasslandFiresAEZ11,ProtectedGrasslandFiresAEZ11,2005,OC,0.000271260139570873
Southeast Asia,UnmanagedLand,GrasslandFiresAEZ11,ProtectedGrasslandFiresAEZ11,2005,BC,2.63870306072166e-05
Southeast Asia,UnmanagedLand,GrasslandFiresAEZ11,ProtectedGrasslandFiresAEZ11,2005,OC,0.000183561942943689
Argentina,UnmanagedLand,GrasslandFiresAEZ11,ProtectedGrasslandFiresAEZ11,2005,BC,1.93174560428729e-05
Argentina,UnmanagedLand,GrasslandFiresAEZ11,ProtectedGrasslandFiresAEZ11,2005,OC,0.000139167624903912
Colombia,UnmanagedLand,GrasslandFiresAEZ11,ProtectedGrasslandFiresAEZ11,2005,BC,6.07982746479006e-05
Colombia,UnmanagedLand,GrasslandFiresAEZ11,ProtectedGrasslandFiresAEZ11,2005,OC,0.000475646699828574
USA,UnmanagedLand,GrasslandFiresAEZ12,ProtectedGrasslandFiresAEZ12,1975,BC,2.45274379758276e-05
USA,UnmanagedLand,GrasslandFiresAEZ12,ProtectedGrasslandFiresAEZ12,1975,OC,0.000261959912632907
Africa_Eastern,UnmanagedLand,GrasslandFiresAEZ12,ProtectedGrasslandFiresAEZ12,1975,BC,0.000170718257610337
Africa_Eastern,UnmanagedLand,GrasslandFiresAEZ12,ProtectedGrasslandFiresAEZ12,1975,OC,0.00118760992850123
Australia_NZ,UnmanagedLand,GrasslandFiresAEZ12,ProtectedGrasslandFiresAEZ12,1975,BC,9.52677344773469e-05
Australia_NZ,UnmanagedLand,GrasslandFiresAEZ12,ProtectedGrasslandFiresAEZ12,1975,OC,0.000662828699201625
Brazil,UnmanagedLand,GrasslandFiresAEZ12,ProtectedGrasslandFiresAEZ12,1975,BC,7.97550571932228e-05
Brazil,UnmanagedLand,GrasslandFiresAEZ12,ProtectedGrasslandFiresAEZ12,1975,OC,0.000554819286304257
Central America and Caribbean,UnmanagedLand,GrasslandFiresAEZ12,ProtectedGrasslandFiresAEZ12,1975,BC,6.10857928444184e-05
Central America and Caribbean,UnmanagedLand,GrasslandFiresAEZ12,ProtectedGrasslandFiresAEZ12,1975,OC,0.000527118299308144
Central Asia,UnmanagedLand,GrasslandFiresAEZ12,ProtectedGrasslandFiresAEZ12,1975,BC,5.8528330967722e-05
Central Asia,UnmanagedLand,GrasslandFiresAEZ12,ProtectedGrasslandFiresAEZ12,1975,OC,0.000411080032544938
China,UnmanagedLand,GrasslandFiresAEZ12,ProtectedGrasslandFiresAEZ12,1975,BC,8.67547280250524e-06
China,UnmanagedLand,GrasslandFiresAEZ12,ProtectedGrasslandFiresAEZ12,1975,OC,6.21274225970494e-05
EU-15,UnmanagedLand,GrasslandFiresAEZ12,ProtectedGrasslandFiresAEZ12,1975,BC,0
EU-15,UnmanagedLand,GrasslandFiresAEZ12,ProtectedGrasslandFiresAEZ12,1975,OC,0
Europe_Non_EU,UnmanagedLand,GrasslandFiresAEZ12,ProtectedGrasslandFiresAEZ12,1975,BC,1.80763561871253e-06
Europe_Non_EU,UnmanagedLand,GrasslandFiresAEZ12,ProtectedGrasslandFiresAEZ12,1975,OC,1.25748565416304e-05
India,UnmanagedLand,GrasslandFiresAEZ12,ProtectedGrasslandFiresAEZ12,1975,BC,2.80360017704832e-05
India,UnmanagedLand,GrasslandFiresAEZ12,ProtectedGrasslandFiresAEZ12,1975,OC,0.000197279539966535
Japan,UnmanagedLand,GrasslandFiresAEZ12,ProtectedGrasslandFiresAEZ12,1975,BC,1.30059563653336e-05
Japan,UnmanagedLand,GrasslandFiresAEZ12,ProtectedGrasslandFiresAEZ12,1975,OC,9.04762110605545e-05
Mexico,UnmanagedLand,GrasslandFiresAEZ12,ProtectedGrasslandFiresAEZ12,1975,BC,6.33345461787933e-05
Mexico,UnmanagedLand,GrasslandFiresAEZ12,ProtectedGrasslandFiresAEZ12,1975,OC,0.000440588139342314
Pakistan,UnmanagedLand,GrasslandFiresAEZ12,ProtectedGrasslandFiresAEZ12,1975,BC,6.15872293915376e-05
Pakistan,UnmanagedLand,GrasslandFiresAEZ12,ProtectedGrasslandFiresAEZ12,1975,OC,0.000428432868533823
South America_Southern,UnmanagedLand,GrasslandFiresAEZ12,ProtectedGrasslandFiresAEZ12,1975,BC,1.50583288674161e-06
South America_Southern,UnmanagedLand,GrasslandFiresAEZ12,ProtectedGrasslandFiresAEZ12,1975,OC,1.05050486083742e-05
South Asia,UnmanagedLand,GrasslandFiresAEZ12,ProtectedGrasslandFiresAEZ12,1975,BC,9.13725193240289e-07
South Asia,UnmanagedLand,GrasslandFiresAEZ12,ProtectedGrasslandFiresAEZ12,1975,OC,6.35634884309406e-06
Southeast Asia,UnmanagedLand,GrasslandFiresAEZ12,ProtectedGrasslandFiresAEZ12,1975,BC,2.63870306072166e-05
Southeast Asia,UnmanagedLand,GrasslandFiresAEZ12,ProtectedGrasslandFiresAEZ12,1975,OC,0.000183561942943689
Argentina,UnmanagedLand,GrasslandFiresAEZ12,ProtectedGrasslandFiresAEZ12,1975,BC,1.93174560428729e-05
Argentina,UnmanagedLand,GrasslandFiresAEZ12,ProtectedGrasslandFiresAEZ12,1975,OC,0.000139167624903912
Colombia,UnmanagedLand,GrasslandFiresAEZ12,ProtectedGrasslandFiresAEZ12,1975,BC,6.07982746479006e-05
Colombia,UnmanagedLand,GrasslandFiresAEZ12,ProtectedGrasslandFiresAEZ12,1975,OC,0.000475646699828574
USA,UnmanagedLand,GrasslandFiresAEZ12,ProtectedGrasslandFiresAEZ12,1990,BC,2.45274379758276e-05
USA,UnmanagedLand,GrasslandFiresAEZ12,ProtectedGrasslandFiresAEZ12,1990,OC,0.000261959912632907
Africa_Eastern,UnmanagedLand,GrasslandFiresAEZ12,ProtectedGrasslandFiresAEZ12,1990,BC,0.000170718257610337
Africa_Eastern,UnmanagedLand,GrasslandFiresAEZ12,ProtectedGrasslandFiresAEZ12,1990,OC,0.00118760992850123
Australia_NZ,UnmanagedLand,GrasslandFiresAEZ12,ProtectedGrasslandFiresAEZ12,1990,BC,9.52677344773469e-05
Australia_NZ,UnmanagedLand,GrasslandFiresAEZ12,ProtectedGrasslandFiresAEZ12,1990,OC,0.000662828699201625
Brazil,UnmanagedLand,GrasslandFiresAEZ12,ProtectedGrasslandFiresAEZ12,1990,BC,7.97550571932228e-05
Brazil,UnmanagedLand,GrasslandFiresAEZ12,ProtectedGrasslandFiresAEZ12,1990,OC,0.000554819286304257
Central America and Caribbean,UnmanagedLand,GrasslandFiresAEZ12,ProtectedGrasslandFiresAEZ12,1990,BC,6.10857928444184e-05
Central America and Caribbean,UnmanagedLand,GrasslandFiresAEZ12,ProtectedGrasslandFiresAEZ12,1990,OC,0.000527118299308144
Central Asia,UnmanagedLand,GrasslandFiresAEZ12,ProtectedGrasslandFiresAEZ12,1990,BC,5.8528330967722e-05
Central Asia,UnmanagedLand,GrasslandFiresAEZ12,ProtectedGrasslandFiresAEZ12,1990,OC,0.000411080032544938
China,UnmanagedLand,GrasslandFiresAEZ12,ProtectedGrasslandFiresAEZ12,1990,BC,8.67547280250524e-06
China,UnmanagedLand,GrasslandFiresAEZ12,ProtectedGrasslandFiresAEZ12,1990,OC,6.21274225970494e-05
EU-15,UnmanagedLand,GrasslandFiresAEZ12,ProtectedGrasslandFiresAEZ12,1990,BC,0
EU-15,UnmanagedLand,GrasslandFiresAEZ12,ProtectedGrasslandFiresAEZ12,1990,OC,0
Europe_Non_EU,UnmanagedLand,GrasslandFiresAEZ12,ProtectedGrasslandFiresAEZ12,1990,BC,1.80763561871253e-06
Europe_Non_EU,UnmanagedLand,GrasslandFiresAEZ12,ProtectedGrasslandFiresAEZ12,1990,OC,1.25748565416304e-05
India,UnmanagedLand,GrasslandFiresAEZ12,ProtectedGrasslandFiresAEZ12,1990,BC,2.80360017704832e-05
India,UnmanagedLand,GrasslandFiresAEZ12,ProtectedGrasslandFiresAEZ12,1990,OC,0.000197279539966535
Japan,UnmanagedLand,GrasslandFiresAEZ12,ProtectedGrasslandFiresAEZ12,1990,BC,1.30059563653336e-05
Japan,UnmanagedLand,GrasslandFiresAEZ12,ProtectedGrasslandFiresAEZ12,1990,OC,9.04762110605545e-05
Mexico,UnmanagedLand,GrasslandFiresAEZ12,ProtectedGrasslandFiresAEZ12,1990,BC,6.33345461787933e-05
Mexico,UnmanagedLand,GrasslandFiresAEZ12,ProtectedGrasslandFiresAEZ12,1990,OC,0.000440588139342314
Pakistan,UnmanagedLand,GrasslandFiresAEZ12,ProtectedGrasslandFiresAEZ12,1990,BC,6.15872293915376e-05
Pakistan,UnmanagedLand,GrasslandFiresAEZ12,ProtectedGrasslandFiresAEZ12,1990,OC,0.000428432868533823
South America_Southern,UnmanagedLand,GrasslandFiresAEZ12,ProtectedGrasslandFiresAEZ12,1990,BC,1.50583288674161e-06
South America_Southern,UnmanagedLand,GrasslandFiresAEZ12,ProtectedGrasslandFiresAEZ12,1990,OC,1.05050486083742e-05
South Asia,UnmanagedLand,GrasslandFiresAEZ12,ProtectedGrasslandFiresAEZ12,1990,BC,9.13725193240289e-07
South Asia,UnmanagedLand,GrasslandFiresAEZ12,ProtectedGrasslandFiresAEZ12,1990,OC,6.35634884309406e-06
Southeast Asia,UnmanagedLand,GrasslandFiresAEZ12,ProtectedGrasslandFiresAEZ12,1990,BC,2.63870306072166e-05
Southeast Asia,UnmanagedLand,GrasslandFiresAEZ12,ProtectedGrasslandFiresAEZ12,1990,OC,0.000183561942943689
Argentina,UnmanagedLand,GrasslandFiresAEZ12,ProtectedGrasslandFiresAEZ12,1990,BC,1.93174560428729e-05
Argentina,UnmanagedLand,GrasslandFiresAEZ12,ProtectedGrasslandFiresAEZ12,1990,OC,0.000139167624903912
Colombia,UnmanagedLand,GrasslandFiresAEZ12,ProtectedGrasslandFiresAEZ12,1990,BC,6.07982746479006e-05
Colombia,UnmanagedLand,GrasslandFiresAEZ12,ProtectedGrasslandFiresAEZ12,1990,OC,0.000475646699828574
USA,UnmanagedLand,GrasslandFiresAEZ12,ProtectedGrasslandFiresAEZ12,2005,BC,2.45274379758276e-05
USA,UnmanagedLand,GrasslandFiresAEZ12,ProtectedGrasslandFiresAEZ12,2005,OC,0.000261959912632907
Africa_Eastern,UnmanagedLand,GrasslandFiresAEZ12,ProtectedGrasslandFiresAEZ12,2005,BC,0.000170718257610337
Africa_Eastern,UnmanagedLand,GrasslandFiresAEZ12,ProtectedGrasslandFiresAEZ12,2005,OC,0.00118760992850123
Australia_NZ,UnmanagedLand,GrasslandFiresAEZ12,ProtectedGrasslandFiresAEZ12,2005,BC,9.52677344773469e-05
Australia_NZ,UnmanagedLand,GrasslandFiresAEZ12,ProtectedGrasslandFiresAEZ12,2005,OC,0.000662828699201625
Brazil,UnmanagedLand,GrasslandFiresAEZ12,ProtectedGrasslandFiresAEZ12,2005,BC,7.97550571932228e-05
Brazil,UnmanagedLand,GrasslandFiresAEZ12,ProtectedGrasslandFiresAEZ12,2005,OC,0.000554819286304257
Central America and Caribbean,UnmanagedLand,GrasslandFiresAEZ12,ProtectedGrasslandFiresAEZ12,2005,BC,6.10857928444184e-05
Central America and Caribbean,UnmanagedLand,GrasslandFiresAEZ12,ProtectedGrasslandFiresAEZ12,2005,OC,0.000527118299308144
Central Asia,UnmanagedLand,GrasslandFiresAEZ12,ProtectedGrasslandFiresAEZ12,2005,BC,5.8528330967722e-05
Central Asia,UnmanagedLand,GrasslandFiresAEZ12,ProtectedGrasslandFiresAEZ12,2005,OC,0.000411080032544938
China,UnmanagedLand,GrasslandFiresAEZ12,ProtectedGrasslandFiresAEZ12,2005,BC,8.67547280250524e-06
China,UnmanagedLand,GrasslandFiresAEZ12,ProtectedGrasslandFiresAEZ12,2005,OC,6.21274225970494e-05
EU-15,UnmanagedLand,GrasslandFiresAEZ12,ProtectedGrasslandFiresAEZ12,2005,BC,0
EU-15,UnmanagedLand,GrasslandFiresAEZ12,ProtectedGrasslandFiresAEZ12,2005,OC,0
Europe_Non_EU,UnmanagedLand,GrasslandFiresAEZ12,ProtectedGrasslandFiresAEZ12,2005,BC,1.80763561871253e-06
Europe_Non_EU,UnmanagedLand,GrasslandFiresAEZ12,ProtectedGrasslandFiresAEZ12,2005,OC,1.25748565416304e-05
India,UnmanagedLand,GrasslandFiresAEZ12,ProtectedGrasslandFiresAEZ12,2005,BC,2.80360017704832e-05
India,UnmanagedLand,GrasslandFiresAEZ12,ProtectedGrasslandFiresAEZ12,2005,OC,0.000197279539966535
Japan,UnmanagedLand,GrasslandFiresAEZ12,ProtectedGrasslandFiresAEZ12,2005,BC,1.30059563653336e-05
Japan,UnmanagedLand,GrasslandFiresAEZ12,ProtectedGrasslandFiresAEZ12,2005,OC,9.04762110605545e-05
Mexico,UnmanagedLand,GrasslandFiresAEZ12,ProtectedGrasslandFiresAEZ12,2005,BC,6.33345461787933e-05
Mexico,UnmanagedLand,GrasslandFiresAEZ12,ProtectedGrasslandFiresAEZ12,2005,OC,0.000440588139342314
Pakistan,UnmanagedLand,GrasslandFiresAEZ12,ProtectedGrasslandFiresAEZ12,2005,BC,6.15872293915376e-05
Pakistan,UnmanagedLand,GrasslandFiresAEZ12,ProtectedGrasslandFiresAEZ12,2005,OC,0.000428432868533823
South America_Southern,UnmanagedLand,GrasslandFiresAEZ12,ProtectedGrasslandFiresAEZ12,2005,BC,1.50583288674161e-06
South America_Southern,UnmanagedLand,GrasslandFiresAEZ12,ProtectedGrasslandFiresAEZ12,2005,OC,1.05050486083742e-05
South Asia,UnmanagedLand,GrasslandFiresAEZ12,ProtectedGrasslandFiresAEZ12,2005,BC,9.13725193240289e-07
South Asia,UnmanagedLand,GrasslandFiresAEZ12,ProtectedGrasslandFiresAEZ12,2005,OC,6.35634884309406e-06
Southeast Asia,UnmanagedLand,GrasslandFiresAEZ12,ProtectedGrasslandFiresAEZ12,2005,BC,2.63870306072166e-05
Southeast Asia,UnmanagedLand,GrasslandFiresAEZ12,ProtectedGrasslandFiresAEZ12,2005,OC,0.000183561942943689
Argentina,UnmanagedLand,GrasslandFiresAEZ12,ProtectedGrasslandFiresAEZ12,2005,BC,1.93174560428729e-05
Argentina,UnmanagedLand,GrasslandFiresAEZ12,ProtectedGrasslandFiresAEZ12,2005,OC,0.000139167624903912
Colombia,UnmanagedLand,GrasslandFiresAEZ12,ProtectedGrasslandFiresAEZ12,2005,BC,6.07982746479006e-05
Colombia,UnmanagedLand,GrasslandFiresAEZ12,ProtectedGrasslandFiresAEZ12,2005,OC,0.000475646699828574
USA,UnmanagedLand,GrasslandFiresAEZ13,ProtectedGrasslandFiresAEZ13,1975,BC,2.45274379758276e-05
USA,UnmanagedLand,GrasslandFiresAEZ13,ProtectedGrasslandFiresAEZ13,1975,OC,0.000261959912632907
Canada,UnmanagedLand,GrasslandFiresAEZ13,ProtectedGrasslandFiresAEZ13,1975,BC,9.16515114031331e-05
Canada,UnmanagedLand,GrasslandFiresAEZ13,ProtectedGrasslandFiresAEZ13,1975,OC,0.00105548747178004
Central Asia,UnmanagedLand,GrasslandFiresAEZ13,ProtectedGrasslandFiresAEZ13,1975,BC,5.8528330967722e-05
Central Asia,UnmanagedLand,GrasslandFiresAEZ13,ProtectedGrasslandFiresAEZ13,1975,OC,0.000411080032544938
China,UnmanagedLand,GrasslandFiresAEZ13,ProtectedGrasslandFiresAEZ13,1975,BC,8.67547280250524e-06
China,UnmanagedLand,GrasslandFiresAEZ13,ProtectedGrasslandFiresAEZ13,1975,OC,6.21274225970494e-05
EU-15,UnmanagedLand,GrasslandFiresAEZ13,ProtectedGrasslandFiresAEZ13,1975,BC,0
EU-15,UnmanagedLand,GrasslandFiresAEZ13,ProtectedGrasslandFiresAEZ13,1975,OC,0
European Free Trade Association,UnmanagedLand,GrasslandFiresAEZ13,ProtectedGrasslandFiresAEZ13,1975,BC,1.68790342441832e-07
European Free Trade Association,UnmanagedLand,GrasslandFiresAEZ13,ProtectedGrasslandFiresAEZ13,1975,OC,1.50713111172284e-06
India,UnmanagedLand,GrasslandFiresAEZ13,ProtectedGrasslandFiresAEZ13,1975,BC,2.80360017704832e-05
India,UnmanagedLand,GrasslandFiresAEZ13,ProtectedGrasslandFiresAEZ13,1975,OC,0.000197279539966535
Pakistan,UnmanagedLand,GrasslandFiresAEZ13,ProtectedGrasslandFiresAEZ13,1975,BC,6.15872293915376e-05
Pakistan,UnmanagedLand,GrasslandFiresAEZ13,ProtectedGrasslandFiresAEZ13,1975,OC,0.000428432868533823
Russia,UnmanagedLand,GrasslandFiresAEZ13,ProtectedGrasslandFiresAEZ13,1975,BC,2.78531072181428e-05
Russia,UnmanagedLand,GrasslandFiresAEZ13,ProtectedGrasslandFiresAEZ13,1975,OC,0.000271103394390541
South America_Southern,UnmanagedLand,GrasslandFiresAEZ13,ProtectedGrasslandFiresAEZ13,1975,BC,1.50583288674161e-06
South America_Southern,UnmanagedLand,GrasslandFiresAEZ13,ProtectedGrasslandFiresAEZ13,1975,OC,1.05050486083742e-05
South Asia,UnmanagedLand,GrasslandFiresAEZ13,ProtectedGrasslandFiresAEZ13,1975,BC,9.13725193240289e-07
South Asia,UnmanagedLand,GrasslandFiresAEZ13,ProtectedGrasslandFiresAEZ13,1975,OC,6.35634884309406e-06
Argentina,UnmanagedLand,GrasslandFiresAEZ13,ProtectedGrasslandFiresAEZ13,1975,BC,1.93174560428729e-05
Argentina,UnmanagedLand,GrasslandFiresAEZ13,ProtectedGrasslandFiresAEZ13,1975,OC,0.000139167624903912
USA,UnmanagedLand,GrasslandFiresAEZ13,ProtectedGrasslandFiresAEZ13,1990,BC,2.45274379758276e-05
USA,UnmanagedLand,GrasslandFiresAEZ13,ProtectedGrasslandFiresAEZ13,1990,OC,0.000261959912632907
Canada,UnmanagedLand,GrasslandFiresAEZ13,ProtectedGrasslandFiresAEZ13,1990,BC,9.16515114031331e-05
Canada,UnmanagedLand,GrasslandFiresAEZ13,ProtectedGrasslandFiresAEZ13,1990,OC,0.00105548747178004
Central Asia,UnmanagedLand,GrasslandFiresAEZ13,ProtectedGrasslandFiresAEZ13,1990,BC,5.8528330967722e-05
Central Asia,UnmanagedLand,GrasslandFiresAEZ13,ProtectedGrasslandFiresAEZ13,1990,OC,0.000411080032544938
China,UnmanagedLand,GrasslandFiresAEZ13,ProtectedGrasslandFiresAEZ13,1990,BC,8.67547280250524e-06
China,UnmanagedLand,GrasslandFiresAEZ13,ProtectedGrasslandFiresAEZ13,1990,OC,6.21274225970494e-05
EU-15,UnmanagedLand,GrasslandFiresAEZ13,ProtectedGrasslandFiresAEZ13,1990,BC,0
EU-15,UnmanagedLand,GrasslandFiresAEZ13,ProtectedGrasslandFiresAEZ13,1990,OC,0
European Free Trade Association,UnmanagedLand,GrasslandFiresAEZ13,ProtectedGrasslandFiresAEZ13,1990,BC,1.68790342441832e-07
European Free Trade Association,UnmanagedLand,GrasslandFiresAEZ13,ProtectedGrasslandFiresAEZ13,1990,OC,1.50713111172284e-06
India,UnmanagedLand,GrasslandFiresAEZ13,ProtectedGrasslandFiresAEZ13,1990,BC,2.80360017704832e-05
India,UnmanagedLand,GrasslandFiresAEZ13,ProtectedGrasslandFiresAEZ13,1990,OC,0.000197279539966535
Pakistan,UnmanagedLand,GrasslandFiresAEZ13,ProtectedGrasslandFiresAEZ13,1990,BC,6.15872293915376e-05
Pakistan,UnmanagedLand,GrasslandFiresAEZ13,ProtectedGrasslandFiresAEZ13,1990,OC,0.000428432868533823
Russia,UnmanagedLand,GrasslandFiresAEZ13,ProtectedGrasslandFiresAEZ13,1990,BC,2.78531072181428e-05
Russia,UnmanagedLand,GrasslandFiresAEZ13,ProtectedGrasslandFiresAEZ13,1990,OC,0.000271103394390541
South America_Southern,UnmanagedLand,GrasslandFiresAEZ13,ProtectedGrasslandFiresAEZ13,1990,BC,1.50583288674161e-06
South America_Southern,UnmanagedLand,GrasslandFiresAEZ13,ProtectedGrasslandFiresAEZ13,1990,OC,1.05050486083742e-05
South Asia,UnmanagedLand,GrasslandFiresAEZ13,ProtectedGrasslandFiresAEZ13,1990,BC,9.13725193240289e-07
South Asia,UnmanagedLand,GrasslandFiresAEZ13,ProtectedGrasslandFiresAEZ13,1990,OC,6.35634884309406e-06
Argentina,UnmanagedLand,GrasslandFiresAEZ13,ProtectedGrasslandFiresAEZ13,1990,BC,1.93174560428729e-05
Argentina,UnmanagedLand,GrasslandFiresAEZ13,ProtectedGrasslandFiresAEZ13,1990,OC,0.000139167624903912
USA,UnmanagedLand,GrasslandFiresAEZ13,ProtectedGrasslandFiresAEZ13,2005,BC,2.45274379758276e-05
USA,UnmanagedLand,GrasslandFiresAEZ13,ProtectedGrasslandFiresAEZ13,2005,OC,0.000261959912632907
Canada,UnmanagedLand,GrasslandFiresAEZ13,ProtectedGrasslandFiresAEZ13,2005,BC,9.16515114031331e-05
Canada,UnmanagedLand,GrasslandFiresAEZ13,ProtectedGrasslandFiresAEZ13,2005,OC,0.00105548747178004
Central Asia,UnmanagedLand,GrasslandFiresAEZ13,ProtectedGrasslandFiresAEZ13,2005,BC,5.8528330967722e-05
Central Asia,UnmanagedLand,GrasslandFiresAEZ13,ProtectedGrasslandFiresAEZ13,2005,OC,0.000411080032544938
China,UnmanagedLand,GrasslandFiresAEZ13,ProtectedGrasslandFiresAEZ13,2005,BC,8.67547280250524e-06
China,UnmanagedLand,GrasslandFiresAEZ13,ProtectedGrasslandFiresAEZ13,2005,OC,6.21274225970494e-05
EU-15,UnmanagedLand,GrasslandFiresAEZ13,ProtectedGrasslandFiresAEZ13,2005,BC,0
EU-15,UnmanagedLand,GrasslandFiresAEZ13,ProtectedGrasslandFiresAEZ13,2005,OC,0
European Free Trade Association,UnmanagedLand,GrasslandFiresAEZ13,ProtectedGrasslandFiresAEZ13,2005,BC,1.68790342441832e-07
European Free Trade Association,UnmanagedLand,GrasslandFiresAEZ13,ProtectedGrasslandFiresAEZ13,2005,OC,1.50713111172284e-06
India,UnmanagedLand,GrasslandFiresAEZ13,ProtectedGrasslandFiresAEZ13,2005,BC,2.80360017704832e-05
India,UnmanagedLand,GrasslandFiresAEZ13,ProtectedGrasslandFiresAEZ13,2005,OC,0.000197279539966535
Pakistan,UnmanagedLand,GrasslandFiresAEZ13,ProtectedGrasslandFiresAEZ13,2005,BC,6.15872293915376e-05
Pakistan,UnmanagedLand,GrasslandFiresAEZ13,ProtectedGrasslandFiresAEZ13,2005,OC,0.000428432868533823
Russia,UnmanagedLand,GrasslandFiresAEZ13,ProtectedGrasslandFiresAEZ13,2005,BC,2.78531072181428e-05
Russia,UnmanagedLand,GrasslandFiresAEZ13,ProtectedGrasslandFiresAEZ13,2005,OC,0.000271103394390541
South America_Southern,UnmanagedLand,GrasslandFiresAEZ13,ProtectedGrasslandFiresAEZ13,2005,BC,1.50583288674161e-06
South America_Southern,UnmanagedLand,GrasslandFiresAEZ13,ProtectedGrasslandFiresAEZ13,2005,OC,1.05050486083742e-05
South Asia,UnmanagedLand,GrasslandFiresAEZ13,ProtectedGrasslandFiresAEZ13,2005,BC,9.13725193240289e-07
South Asia,UnmanagedLand,GrasslandFiresAEZ13,ProtectedGrasslandFiresAEZ13,2005,OC,6.35634884309406e-06
Argentina,UnmanagedLand,GrasslandFiresAEZ13,ProtectedGrasslandFiresAEZ13,2005,BC,1.93174560428729e-05
Argentina,UnmanagedLand,GrasslandFiresAEZ13,ProtectedGrasslandFiresAEZ13,2005,OC,0.000139167624903912
USA,UnmanagedLand,GrasslandFiresAEZ14,ProtectedGrasslandFiresAEZ14,1975,BC,2.45274379758276e-05
USA,UnmanagedLand,GrasslandFiresAEZ14,ProtectedGrasslandFiresAEZ14,1975,OC,0.000261959912632907
Canada,UnmanagedLand,GrasslandFiresAEZ14,ProtectedGrasslandFiresAEZ14,1975,BC,9.16515114031331e-05
Canada,UnmanagedLand,GrasslandFiresAEZ14,ProtectedGrasslandFiresAEZ14,1975,OC,0.00105548747178004
Central Asia,UnmanagedLand,GrasslandFiresAEZ14,ProtectedGrasslandFiresAEZ14,1975,BC,5.8528330967722e-05
Central Asia,UnmanagedLand,GrasslandFiresAEZ14,ProtectedGrasslandFiresAEZ14,1975,OC,0.000411080032544938
China,UnmanagedLand,GrasslandFiresAEZ14,ProtectedGrasslandFiresAEZ14,1975,BC,8.67547280250524e-06
China,UnmanagedLand,GrasslandFiresAEZ14,ProtectedGrasslandFiresAEZ14,1975,OC,6.21274225970494e-05
EU-15,UnmanagedLand,GrasslandFiresAEZ14,ProtectedGrasslandFiresAEZ14,1975,BC,0
EU-15,UnmanagedLand,GrasslandFiresAEZ14,ProtectedGrasslandFiresAEZ14,1975,OC,0
Europe_Non_EU,UnmanagedLand,GrasslandFiresAEZ14,ProtectedGrasslandFiresAEZ14,1975,BC,1.80763561871253e-06
Europe_Non_EU,UnmanagedLand,GrasslandFiresAEZ14,ProtectedGrasslandFiresAEZ14,1975,OC,1.25748565416304e-05
European Free Trade Association,UnmanagedLand,GrasslandFiresAEZ14,ProtectedGrasslandFiresAEZ14,1975,BC,1.68790342441832e-07
European Free Trade Association,UnmanagedLand,GrasslandFiresAEZ14,ProtectedGrasslandFiresAEZ14,1975,OC,1.50713111172284e-06
India,UnmanagedLand,GrasslandFiresAEZ14,ProtectedGrasslandFiresAEZ14,1975,BC,2.80360017704832e-05
India,UnmanagedLand,GrasslandFiresAEZ14,ProtectedGrasslandFiresAEZ14,1975,OC,0.000197279539966535
Pakistan,UnmanagedLand,GrasslandFiresAEZ14,ProtectedGrasslandFiresAEZ14,1975,BC,6.15872293915376e-05
Pakistan,UnmanagedLand,GrasslandFiresAEZ14,ProtectedGrasslandFiresAEZ14,1975,OC,0.000428432868533823
Russia,UnmanagedLand,GrasslandFiresAEZ14,ProtectedGrasslandFiresAEZ14,1975,BC,2.78531072181428e-05
Russia,UnmanagedLand,GrasslandFiresAEZ14,ProtectedGrasslandFiresAEZ14,1975,OC,0.000271103394390541
South America_Southern,UnmanagedLand,GrasslandFiresAEZ14,ProtectedGrasslandFiresAEZ14,1975,BC,1.50583288674161e-06
South America_Southern,UnmanagedLand,GrasslandFiresAEZ14,ProtectedGrasslandFiresAEZ14,1975,OC,1.05050486083742e-05
South Asia,UnmanagedLand,GrasslandFiresAEZ14,ProtectedGrasslandFiresAEZ14,1975,BC,9.13725193240289e-07
South Asia,UnmanagedLand,GrasslandFiresAEZ14,ProtectedGrasslandFiresAEZ14,1975,OC,6.35634884309406e-06
Argentina,UnmanagedLand,GrasslandFiresAEZ14,ProtectedGrasslandFiresAEZ14,1975,BC,1.93174560428729e-05
Argentina,UnmanagedLand,GrasslandFiresAEZ14,ProtectedGrasslandFiresAEZ14,1975,OC,0.000139167624903912
USA,UnmanagedLand,GrasslandFiresAEZ14,ProtectedGrasslandFiresAEZ14,1990,BC,2.45274379758276e-05
USA,UnmanagedLand,GrasslandFiresAEZ14,ProtectedGrasslandFiresAEZ14,1990,OC,0.000261959912632907
Canada,UnmanagedLand,GrasslandFiresAEZ14,ProtectedGrasslandFiresAEZ14,1990,BC,9.16515114031331e-05
Canada,UnmanagedLand,GrasslandFiresAEZ14,ProtectedGrasslandFiresAEZ14,1990,OC,0.00105548747178004
Central Asia,UnmanagedLand,GrasslandFiresAEZ14,ProtectedGrasslandFiresAEZ14,1990,BC,5.8528330967722e-05
Central Asia,UnmanagedLand,GrasslandFiresAEZ14,ProtectedGrasslandFiresAEZ14,1990,OC,0.000411080032544938
China,UnmanagedLand,GrasslandFiresAEZ14,ProtectedGrasslandFiresAEZ14,1990,BC,8.67547280250524e-06
China,UnmanagedLand,GrasslandFiresAEZ14,ProtectedGrasslandFiresAEZ14,1990,OC,6.21274225970494e-05
EU-15,UnmanagedLand,GrasslandFiresAEZ14,ProtectedGrasslandFiresAEZ14,1990,BC,0
EU-15,UnmanagedLand,GrasslandFiresAEZ14,ProtectedGrasslandFiresAEZ14,1990,OC,0
Europe_Non_EU,UnmanagedLand,GrasslandFiresAEZ14,ProtectedGrasslandFiresAEZ14,1990,BC,1.80763561871253e-06
Europe_Non_EU,UnmanagedLand,GrasslandFiresAEZ14,ProtectedGrasslandFiresAEZ14,1990,OC,1.25748565416304e-05
European Free Trade Association,UnmanagedLand,GrasslandFiresAEZ14,ProtectedGrasslandFiresAEZ14,1990,BC,1.68790342441832e-07
European Free Trade Association,UnmanagedLand,GrasslandFiresAEZ14,ProtectedGrasslandFiresAEZ14,1990,OC,1.50713111172284e-06
India,UnmanagedLand,GrasslandFiresAEZ14,ProtectedGrasslandFiresAEZ14,1990,BC,2.80360017704832e-05
India,UnmanagedLand,GrasslandFiresAEZ14,ProtectedGrasslandFiresAEZ14,1990,OC,0.000197279539966535
Pakistan,UnmanagedLand,GrasslandFiresAEZ14,ProtectedGrasslandFiresAEZ14,1990,BC,6.15872293915376e-05
Pakistan,UnmanagedLand,GrasslandFiresAEZ14,ProtectedGrasslandFiresAEZ14,1990,OC,0.000428432868533823
Russia,UnmanagedLand,GrasslandFiresAEZ14,ProtectedGrasslandFiresAEZ14,1990,BC,2.78531072181428e-05
Russia,UnmanagedLand,GrasslandFiresAEZ14,ProtectedGrasslandFiresAEZ14,1990,OC,0.000271103394390541
South America_Southern,UnmanagedLand,GrasslandFiresAEZ14,ProtectedGrasslandFiresAEZ14,1990,BC,1.50583288674161e-06
South America_Southern,UnmanagedLand,GrasslandFiresAEZ14,ProtectedGrasslandFiresAEZ14,1990,OC,1.05050486083742e-05
South Asia,UnmanagedLand,GrasslandFiresAEZ14,ProtectedGrasslandFiresAEZ14,1990,BC,9.13725193240289e-07
South Asia,UnmanagedLand,GrasslandFiresAEZ14,ProtectedGrasslandFiresAEZ14,1990,OC,6.35634884309406e-06
Argentina,UnmanagedLand,GrasslandFiresAEZ14,ProtectedGrasslandFiresAEZ14,1990,BC,1.93174560428729e-05
Argentina,UnmanagedLand,GrasslandFiresAEZ14,ProtectedGrasslandFiresAEZ14,1990,OC,0.000139167624903912
USA,UnmanagedLand,GrasslandFiresAEZ14,ProtectedGrasslandFiresAEZ14,2005,BC,2.45274379758276e-05
USA,UnmanagedLand,GrasslandFiresAEZ14,ProtectedGrasslandFiresAEZ14,2005,OC,0.000261959912632907
Canada,UnmanagedLand,GrasslandFiresAEZ14,ProtectedGrasslandFiresAEZ14,2005,BC,9.16515114031331e-05
Canada,UnmanagedLand,GrasslandFiresAEZ14,ProtectedGrasslandFiresAEZ14,2005,OC,0.00105548747178004
Central Asia,UnmanagedLand,GrasslandFiresAEZ14,ProtectedGrasslandFiresAEZ14,2005,BC,5.8528330967722e-05
Central Asia,UnmanagedLand,GrasslandFiresAEZ14,ProtectedGrasslandFiresAEZ14,2005,OC,0.000411080032544938
China,UnmanagedLand,GrasslandFiresAEZ14,ProtectedGrasslandFiresAEZ14,2005,BC,8.67547280250524e-06
China,UnmanagedLand,GrasslandFiresAEZ14,ProtectedGrasslandFiresAEZ14,2005,OC,6.21274225970494e-05
EU-15,UnmanagedLand,GrasslandFiresAEZ14,ProtectedGrasslandFiresAEZ14,2005,BC,0
EU-15,UnmanagedLand,GrasslandFiresAEZ14,ProtectedGrasslandFiresAEZ14,2005,OC,0
Europe_Non_EU,UnmanagedLand,GrasslandFiresAEZ14,ProtectedGrasslandFiresAEZ14,2005,BC,1.80763561871253e-06
Europe_Non_EU,UnmanagedLand,GrasslandFiresAEZ14,ProtectedGrasslandFiresAEZ14,2005,OC,1.25748565416304e-05
European Free Trade Association,UnmanagedLand,GrasslandFiresAEZ14,ProtectedGrasslandFiresAEZ14,2005,BC,1.68790342441832e-07
European Free Trade Association,UnmanagedLand,GrasslandFiresAEZ14,ProtectedGrasslandFiresAEZ14,2005,OC,1.50713111172284e-06
India,UnmanagedLand,GrasslandFiresAEZ14,ProtectedGrasslandFiresAEZ14,2005,BC,2.80360017704832e-05
India,UnmanagedLand,GrasslandFiresAEZ14,ProtectedGrasslandFiresAEZ14,2005,OC,0.000197279539966535
Pakistan,UnmanagedLand,GrasslandFiresAEZ14,ProtectedGrasslandFiresAEZ14,2005,BC,6.15872293915376e-05
Pakistan,UnmanagedLand,GrasslandFiresAEZ14,ProtectedGrasslandFiresAEZ14,2005,OC,0.000428432868533823
Russia,UnmanagedLand,GrasslandFiresAEZ14,ProtectedGrasslandFiresAEZ14,2005,BC,2.78531072181428e-05
Russia,UnmanagedLand,GrasslandFiresAEZ14,ProtectedGrasslandFiresAEZ14,2005,OC,0.000271103394390541
South America_Southern,UnmanagedLand,GrasslandFiresAEZ14,ProtectedGrasslandFiresAEZ14,2005,BC,1.50583288674161e-06
South America_Southern,UnmanagedLand,GrasslandFiresAEZ14,ProtectedGrasslandFiresAEZ14,2005,OC,1.05050486083742e-05
South Asia,UnmanagedLand,GrasslandFiresAEZ14,ProtectedGrasslandFiresAEZ14,2005,BC,9.13725193240289e-07
South Asia,UnmanagedLand,GrasslandFiresAEZ14,ProtectedGrasslandFiresAEZ14,2005,OC,6.35634884309406e-06
Argentina,UnmanagedLand,GrasslandFiresAEZ14,ProtectedGrasslandFiresAEZ14,2005,BC,1.93174560428729e-05
Argentina,UnmanagedLand,GrasslandFiresAEZ14,ProtectedGrasslandFiresAEZ14,2005,OC,0.000139167624903912
USA,UnmanagedLand,GrasslandFiresAEZ15,ProtectedGrasslandFiresAEZ15,1975,BC,2.45274379758276e-05
USA,UnmanagedLand,GrasslandFiresAEZ15,ProtectedGrasslandFiresAEZ15,1975,OC,0.000261959912632907
Australia_NZ,UnmanagedLand,GrasslandFiresAEZ15,ProtectedGrasslandFiresAEZ15,1975,BC,9.52677344773469e-05
Australia_NZ,UnmanagedLand,GrasslandFiresAEZ15,ProtectedGrasslandFiresAEZ15,1975,OC,0.000662828699201625
Canada,UnmanagedLand,GrasslandFiresAEZ15,ProtectedGrasslandFiresAEZ15,1975,BC,9.16515114031331e-05
Canada,UnmanagedLand,GrasslandFiresAEZ15,ProtectedGrasslandFiresAEZ15,1975,OC,0.00105548747178004
Central Asia,UnmanagedLand,GrasslandFiresAEZ15,ProtectedGrasslandFiresAEZ15,1975,BC,5.8528330967722e-05
Central Asia,UnmanagedLand,GrasslandFiresAEZ15,ProtectedGrasslandFiresAEZ15,1975,OC,0.000411080032544938
China,UnmanagedLand,GrasslandFiresAEZ15,ProtectedGrasslandFiresAEZ15,1975,BC,8.67547280250524e-06
China,UnmanagedLand,GrasslandFiresAEZ15,ProtectedGrasslandFiresAEZ15,1975,OC,6.21274225970494e-05
EU-12,UnmanagedLand,GrasslandFiresAEZ15,ProtectedGrasslandFiresAEZ15,1975,BC,3.71081642617959e-06
EU-12,UnmanagedLand,GrasslandFiresAEZ15,ProtectedGrasslandFiresAEZ15,1975,OC,2.58143747567389e-05
EU-15,UnmanagedLand,GrasslandFiresAEZ15,ProtectedGrasslandFiresAEZ15,1975,BC,0
EU-15,UnmanagedLand,GrasslandFiresAEZ15,ProtectedGrasslandFiresAEZ15,1975,OC,0
Europe_Non_EU,UnmanagedLand,GrasslandFiresAEZ15,ProtectedGrasslandFiresAEZ15,1975,BC,1.80763561871253e-06
Europe_Non_EU,UnmanagedLand,GrasslandFiresAEZ15,ProtectedGrasslandFiresAEZ15,1975,OC,1.25748565416304e-05
European Free Trade Association,UnmanagedLand,GrasslandFiresAEZ15,ProtectedGrasslandFiresAEZ15,1975,BC,1.68790342441832e-07
European Free Trade Association,UnmanagedLand,GrasslandFiresAEZ15,ProtectedGrasslandFiresAEZ15,1975,OC,1.50713111172284e-06
India,UnmanagedLand,GrasslandFiresAEZ15,ProtectedGrasslandFiresAEZ15,1975,BC,2.80360017704832e-05
India,UnmanagedLand,GrasslandFiresAEZ15,ProtectedGrasslandFiresAEZ15,1975,OC,0.000197279539966535
Japan,UnmanagedLand,GrasslandFiresAEZ15,ProtectedGrasslandFiresAEZ15,1975,BC,1.30059563653336e-05
Japan,UnmanagedLand,GrasslandFiresAEZ15,ProtectedGrasslandFiresAEZ15,1975,OC,9.04762110605545e-05
Russia,UnmanagedLand,GrasslandFiresAEZ15,ProtectedGrasslandFiresAEZ15,1975,BC,2.78531072181428e-05
Russia,UnmanagedLand,GrasslandFiresAEZ15,ProtectedGrasslandFiresAEZ15,1975,OC,0.000271103394390541
South America_Southern,UnmanagedLand,GrasslandFiresAEZ15,ProtectedGrasslandFiresAEZ15,1975,BC,1.50583288674161e-06
South America_Southern,UnmanagedLand,GrasslandFiresAEZ15,ProtectedGrasslandFiresAEZ15,1975,OC,1.05050486083742e-05
South Asia,UnmanagedLand,GrasslandFiresAEZ15,ProtectedGrasslandFiresAEZ15,1975,BC,9.13725193240289e-07
South Asia,UnmanagedLand,GrasslandFiresAEZ15,ProtectedGrasslandFiresAEZ15,1975,OC,6.35634884309406e-06
Southeast Asia,UnmanagedLand,GrasslandFiresAEZ15,ProtectedGrasslandFiresAEZ15,1975,BC,2.63870306072166e-05
Southeast Asia,UnmanagedLand,GrasslandFiresAEZ15,ProtectedGrasslandFiresAEZ15,1975,OC,0.000183561942943689
Argentina,UnmanagedLand,GrasslandFiresAEZ15,ProtectedGrasslandFiresAEZ15,1975,BC,1.93174560428729e-05
Argentina,UnmanagedLand,GrasslandFiresAEZ15,ProtectedGrasslandFiresAEZ15,1975,OC,0.000139167624903912
USA,UnmanagedLand,GrasslandFiresAEZ15,ProtectedGrasslandFiresAEZ15,1990,BC,2.45274379758276e-05
USA,UnmanagedLand,GrasslandFiresAEZ15,ProtectedGrasslandFiresAEZ15,1990,OC,0.000261959912632907
Australia_NZ,UnmanagedLand,GrasslandFiresAEZ15,ProtectedGrasslandFiresAEZ15,1990,BC,9.52677344773469e-05
Australia_NZ,UnmanagedLand,GrasslandFiresAEZ15,ProtectedGrasslandFiresAEZ15,1990,OC,0.000662828699201625
Canada,UnmanagedLand,GrasslandFiresAEZ15,ProtectedGrasslandFiresAEZ15,1990,BC,9.16515114031331e-05
Canada,UnmanagedLand,GrasslandFiresAEZ15,ProtectedGrasslandFiresAEZ15,1990,OC,0.00105548747178004
Central Asia,UnmanagedLand,GrasslandFiresAEZ15,ProtectedGrasslandFiresAEZ15,1990,BC,5.8528330967722e-05
Central Asia,UnmanagedLand,GrasslandFiresAEZ15,ProtectedGrasslandFiresAEZ15,1990,OC,0.000411080032544938
China,UnmanagedLand,GrasslandFiresAEZ15,ProtectedGrasslandFiresAEZ15,1990,BC,8.67547280250524e-06
China,UnmanagedLand,GrasslandFiresAEZ15,ProtectedGrasslandFiresAEZ15,1990,OC,6.21274225970494e-05
EU-12,UnmanagedLand,GrasslandFiresAEZ15,ProtectedGrasslandFiresAEZ15,1990,BC,3.71081642617959e-06
EU-12,UnmanagedLand,GrasslandFiresAEZ15,ProtectedGrasslandFiresAEZ15,1990,OC,2.58143747567389e-05
EU-15,UnmanagedLand,GrasslandFiresAEZ15,ProtectedGrasslandFiresAEZ15,1990,BC,0
EU-15,UnmanagedLand,GrasslandFiresAEZ15,ProtectedGrasslandFiresAEZ15,1990,OC,0
Europe_Non_EU,UnmanagedLand,GrasslandFiresAEZ15,ProtectedGrasslandFiresAEZ15,1990,BC,1.80763561871253e-06
Europe_Non_EU,UnmanagedLand,GrasslandFiresAEZ15,ProtectedGrasslandFiresAEZ15,1990,OC,1.25748565416304e-05
European Free Trade Association,UnmanagedLand,GrasslandFiresAEZ15,ProtectedGrasslandFiresAEZ15,1990,BC,1.68790342441832e-07
European Free Trade Association,UnmanagedLand,GrasslandFiresAEZ15,ProtectedGrasslandFiresAEZ15,1990,OC,1.50713111172284e-06
India,UnmanagedLand,GrasslandFiresAEZ15,ProtectedGrasslandFiresAEZ15,1990,BC,2.80360017704832e-05
India,UnmanagedLand,GrasslandFiresAEZ15,ProtectedGrasslandFiresAEZ15,1990,OC,0.000197279539966535
Japan,UnmanagedLand,GrasslandFiresAEZ15,ProtectedGrasslandFiresAEZ15,1990,BC,1.30059563653336e-05
Japan,UnmanagedLand,GrasslandFiresAEZ15,ProtectedGrasslandFiresAEZ15,1990,OC,9.04762110605545e-05
Russia,UnmanagedLand,GrasslandFiresAEZ15,ProtectedGrasslandFiresAEZ15,1990,BC,2.78531072181428e-05
Russia,UnmanagedLand,GrasslandFiresAEZ15,ProtectedGrasslandFiresAEZ15,1990,OC,0.000271103394390541
South America_Southern,UnmanagedLand,GrasslandFiresAEZ15,ProtectedGrasslandFiresAEZ15,1990,BC,1.50583288674161e-06
South America_Southern,UnmanagedLand,GrasslandFiresAEZ15,ProtectedGrasslandFiresAEZ15,1990,OC,1.05050486083742e-05
South Asia,UnmanagedLand,GrasslandFiresAEZ15,ProtectedGrasslandFiresAEZ15,1990,BC,9.13725193240289e-07
South Asia,UnmanagedLand,GrasslandFiresAEZ15,ProtectedGrasslandFiresAEZ15,1990,OC,6.35634884309406e-06
Southeast Asia,UnmanagedLand,GrasslandFiresAEZ15,ProtectedGrasslandFiresAEZ15,1990,BC,2.63870306072166e-05
Southeast Asia,UnmanagedLand,GrasslandFiresAEZ15,ProtectedGrasslandFiresAEZ15,1990,OC,0.000183561942943689
Argentina,UnmanagedLand,GrasslandFiresAEZ15,ProtectedGrasslandFiresAEZ15,1990,BC,1.93174560428729e-05
Argentina,UnmanagedLand,GrasslandFiresAEZ15,ProtectedGrasslandFiresAEZ15,1990,OC,0.000139167624903912
USA,UnmanagedLand,GrasslandFiresAEZ15,ProtectedGrasslandFiresAEZ15,2005,BC,2.45274379758276e-05
USA,UnmanagedLand,GrasslandFiresAEZ15,ProtectedGrasslandFiresAEZ15,2005,OC,0.000261959912632907
Australia_NZ,UnmanagedLand,GrasslandFiresAEZ15,ProtectedGrasslandFiresAEZ15,2005,BC,9.52677344773469e-05
Australia_NZ,UnmanagedLand,GrasslandFiresAEZ15,ProtectedGrasslandFiresAEZ15,2005,OC,0.000662828699201625
Canada,UnmanagedLand,GrasslandFiresAEZ15,ProtectedGrasslandFiresAEZ15,2005,BC,9.16515114031331e-05
Canada,UnmanagedLand,GrasslandFiresAEZ15,ProtectedGrasslandFiresAEZ15,2005,OC,0.00105548747178004
Central Asia,UnmanagedLand,GrasslandFiresAEZ15,ProtectedGrasslandFiresAEZ15,2005,BC,5.8528330967722e-05
Central Asia,UnmanagedLand,GrasslandFiresAEZ15,ProtectedGrasslandFiresAEZ15,2005,OC,0.000411080032544938
China,UnmanagedLand,GrasslandFiresAEZ15,ProtectedGrasslandFiresAEZ15,2005,BC,8.67547280250524e-06
China,UnmanagedLand,GrasslandFiresAEZ15,ProtectedGrasslandFiresAEZ15,2005,OC,6.21274225970494e-05
EU-12,UnmanagedLand,GrasslandFiresAEZ15,ProtectedGrasslandFiresAEZ15,2005,BC,3.71081642617959e-06
EU-12,UnmanagedLand,GrasslandFiresAEZ15,ProtectedGrasslandFiresAEZ15,2005,OC,2.58143747567389e-05
EU-15,UnmanagedLand,GrasslandFiresAEZ15,ProtectedGrasslandFiresAEZ15,2005,BC,0
EU-15,UnmanagedLand,GrasslandFiresAEZ15,ProtectedGrasslandFiresAEZ15,2005,OC,0
Europe_Non_EU,UnmanagedLand,GrasslandFiresAEZ15,ProtectedGrasslandFiresAEZ15,2005,BC,1.80763561871253e-06
Europe_Non_EU,UnmanagedLand,GrasslandFiresAEZ15,ProtectedGrasslandFiresAEZ15,2005,OC,1.25748565416304e-05
European Free Trade Association,UnmanagedLand,GrasslandFiresAEZ15,ProtectedGrasslandFiresAEZ15,2005,BC,1.68790342441832e-07
European Free Trade Association,UnmanagedLand,GrasslandFiresAEZ15,ProtectedGrasslandFiresAEZ15,2005,OC,1.50713111172284e-06
India,UnmanagedLand,GrasslandFiresAEZ15,ProtectedGrasslandFiresAEZ15,2005,BC,2.80360017704832e-05
India,UnmanagedLand,GrasslandFiresAEZ15,ProtectedGrasslandFiresAEZ15,2005,OC,0.000197279539966535
Japan,UnmanagedLand,GrasslandFiresAEZ15,ProtectedGrasslandFiresAEZ15,2005,BC,1.30059563653336e-05
Japan,UnmanagedLand,GrasslandFiresAEZ15,ProtectedGrasslandFiresAEZ15,2005,OC,9.04762110605545e-05
Russia,UnmanagedLand,GrasslandFiresAEZ15,ProtectedGrasslandFiresAEZ15,2005,BC,2.78531072181428e-05
Russia,UnmanagedLand,GrasslandFiresAEZ15,ProtectedGrasslandFiresAEZ15,2005,OC,0.000271103394390541
South America_Southern,UnmanagedLand,GrasslandFiresAEZ15,ProtectedGrasslandFiresAEZ15,2005,BC,1.50583288674161e-06
South America_Southern,UnmanagedLand,GrasslandFiresAEZ15,ProtectedGrasslandFiresAEZ15,2005,OC,1.05050486083742e-05
South Asia,UnmanagedLand,GrasslandFiresAEZ15,ProtectedGrasslandFiresAEZ15,2005,BC,9.13725193240289e-07
South Asia,UnmanagedLand,GrasslandFiresAEZ15,ProtectedGrasslandFiresAEZ15,2005,OC,6.35634884309406e-06
Southeast Asia,UnmanagedLand,GrasslandFiresAEZ15,ProtectedGrasslandFiresAEZ15,2005,BC,2.63870306072166e-05
Southeast Asia,UnmanagedLand,GrasslandFiresAEZ15,ProtectedGrasslandFiresAEZ15,2005,OC,0.000183561942943689
Argentina,UnmanagedLand,GrasslandFiresAEZ15,ProtectedGrasslandFiresAEZ15,2005,BC,1.93174560428729e-05
Argentina,UnmanagedLand,GrasslandFiresAEZ15,ProtectedGrasslandFiresAEZ15,2005,OC,0.000139167624903912
USA,UnmanagedLand,GrasslandFiresAEZ16,ProtectedGrasslandFiresAEZ16,1975,BC,2.45274379758276e-05
USA,UnmanagedLand,GrasslandFiresAEZ16,ProtectedGrasslandFiresAEZ16,1975,OC,0.000261959912632907
Australia_NZ,UnmanagedLand,GrasslandFiresAEZ16,ProtectedGrasslandFiresAEZ16,1975,BC,9.52677344773469e-05
Australia_NZ,UnmanagedLand,GrasslandFiresAEZ16,ProtectedGrasslandFiresAEZ16,1975,OC,0.000662828699201625
Canada,UnmanagedLand,GrasslandFiresAEZ16,ProtectedGrasslandFiresAEZ16,1975,BC,9.16515114031331e-05
Canada,UnmanagedLand,GrasslandFiresAEZ16,ProtectedGrasslandFiresAEZ16,1975,OC,0.00105548747178004
Central Asia,UnmanagedLand,GrasslandFiresAEZ16,ProtectedGrasslandFiresAEZ16,1975,BC,5.8528330967722e-05
Central Asia,UnmanagedLand,GrasslandFiresAEZ16,ProtectedGrasslandFiresAEZ16,1975,OC,0.000411080032544938
China,UnmanagedLand,GrasslandFiresAEZ16,ProtectedGrasslandFiresAEZ16,1975,BC,8.67547280250524e-06
China,UnmanagedLand,GrasslandFiresAEZ16,ProtectedGrasslandFiresAEZ16,1975,OC,6.21274225970494e-05
EU-12,UnmanagedLand,GrasslandFiresAEZ16,ProtectedGrasslandFiresAEZ16,1975,BC,3.71081642617959e-06
EU-12,UnmanagedLand,GrasslandFiresAEZ16,ProtectedGrasslandFiresAEZ16,1975,OC,2.58143747567389e-05
EU-15,UnmanagedLand,GrasslandFiresAEZ16,ProtectedGrasslandFiresAEZ16,1975,BC,0
EU-15,UnmanagedLand,GrasslandFiresAEZ16,ProtectedGrasslandFiresAEZ16,1975,OC,0
Europe_Eastern,UnmanagedLand,GrasslandFiresAEZ16,ProtectedGrasslandFiresAEZ16,1975,BC,9.65760932482641e-06
Europe_Eastern,UnmanagedLand,GrasslandFiresAEZ16,ProtectedGrasslandFiresAEZ16,1975,OC,6.71833739621623e-05
Europe_Non_EU,UnmanagedLand,GrasslandFiresAEZ16,ProtectedGrasslandFiresAEZ16,1975,BC,1.80763561871253e-06
Europe_Non_EU,UnmanagedLand,GrasslandFiresAEZ16,ProtectedGrasslandFiresAEZ16,1975,OC,1.25748565416304e-05
European Free Trade Association,UnmanagedLand,GrasslandFiresAEZ16,ProtectedGrasslandFiresAEZ16,1975,BC,1.68790342441832e-07
European Free Trade Association,UnmanagedLand,GrasslandFiresAEZ16,ProtectedGrasslandFiresAEZ16,1975,OC,1.50713111172284e-06
India,UnmanagedLand,GrasslandFiresAEZ16,ProtectedGrasslandFiresAEZ16,1975,BC,2.80360017704832e-05
India,UnmanagedLand,GrasslandFiresAEZ16,ProtectedGrasslandFiresAEZ16,1975,OC,0.000197279539966535
Russia,UnmanagedLand,GrasslandFiresAEZ16,ProtectedGrasslandFiresAEZ16,1975,BC,2.78531072181428e-05
Russia,UnmanagedLand,GrasslandFiresAEZ16,ProtectedGrasslandFiresAEZ16,1975,OC,0.000271103394390541
South America_Southern,UnmanagedLand,GrasslandFiresAEZ16,ProtectedGrasslandFiresAEZ16,1975,BC,1.50583288674161e-06
South America_Southern,UnmanagedLand,GrasslandFiresAEZ16,ProtectedGrasslandFiresAEZ16,1975,OC,1.05050486083742e-05
South Asia,UnmanagedLand,GrasslandFiresAEZ16,ProtectedGrasslandFiresAEZ16,1975,BC,9.13725193240289e-07
South Asia,UnmanagedLand,GrasslandFiresAEZ16,ProtectedGrasslandFiresAEZ16,1975,OC,6.35634884309406e-06
Southeast Asia,UnmanagedLand,GrasslandFiresAEZ16,ProtectedGrasslandFiresAEZ16,1975,BC,2.63870306072166e-05
Southeast Asia,UnmanagedLand,GrasslandFiresAEZ16,ProtectedGrasslandFiresAEZ16,1975,OC,0.000183561942943689
Argentina,UnmanagedLand,GrasslandFiresAEZ16,ProtectedGrasslandFiresAEZ16,1975,BC,1.93174560428729e-05
Argentina,UnmanagedLand,GrasslandFiresAEZ16,ProtectedGrasslandFiresAEZ16,1975,OC,0.000139167624903912
USA,UnmanagedLand,GrasslandFiresAEZ16,ProtectedGrasslandFiresAEZ16,1990,BC,2.45274379758276e-05
USA,UnmanagedLand,GrasslandFiresAEZ16,ProtectedGrasslandFiresAEZ16,1990,OC,0.000261959912632907
Australia_NZ,UnmanagedLand,GrasslandFiresAEZ16,ProtectedGrasslandFiresAEZ16,1990,BC,9.52677344773469e-05
Australia_NZ,UnmanagedLand,GrasslandFiresAEZ16,ProtectedGrasslandFiresAEZ16,1990,OC,0.000662828699201625
Canada,UnmanagedLand,GrasslandFiresAEZ16,ProtectedGrasslandFiresAEZ16,1990,BC,9.16515114031331e-05
Canada,UnmanagedLand,GrasslandFiresAEZ16,ProtectedGrasslandFiresAEZ16,1990,OC,0.00105548747178004
Central Asia,UnmanagedLand,GrasslandFiresAEZ16,ProtectedGrasslandFiresAEZ16,1990,BC,5.8528330967722e-05
Central Asia,UnmanagedLand,GrasslandFiresAEZ16,ProtectedGrasslandFiresAEZ16,1990,OC,0.000411080032544938
China,UnmanagedLand,GrasslandFiresAEZ16,ProtectedGrasslandFiresAEZ16,1990,BC,8.67547280250524e-06
China,UnmanagedLand,GrasslandFiresAEZ16,ProtectedGrasslandFiresAEZ16,1990,OC,6.21274225970494e-05
EU-12,UnmanagedLand,GrasslandFiresAEZ16,ProtectedGrasslandFiresAEZ16,1990,BC,3.71081642617959e-06
EU-12,UnmanagedLand,GrasslandFiresAEZ16,ProtectedGrasslandFiresAEZ16,1990,OC,2.58143747567389e-05
EU-15,UnmanagedLand,GrasslandFiresAEZ16,ProtectedGrasslandFiresAEZ16,1990,BC,0
EU-15,UnmanagedLand,GrasslandFiresAEZ16,ProtectedGrasslandFiresAEZ16,1990,OC,0
Europe_Eastern,UnmanagedLand,GrasslandFiresAEZ16,ProtectedGrasslandFiresAEZ16,1990,BC,9.65760932482641e-06
Europe_Eastern,UnmanagedLand,GrasslandFiresAEZ16,ProtectedGrasslandFiresAEZ16,1990,OC,6.71833739621623e-05
Europe_Non_EU,UnmanagedLand,GrasslandFiresAEZ16,ProtectedGrasslandFiresAEZ16,1990,BC,1.80763561871253e-06
Europe_Non_EU,UnmanagedLand,GrasslandFiresAEZ16,ProtectedGrasslandFiresAEZ16,1990,OC,1.25748565416304e-05
European Free Trade Association,UnmanagedLand,GrasslandFiresAEZ16,ProtectedGrasslandFiresAEZ16,1990,BC,1.68790342441832e-07
European Free Trade Association,UnmanagedLand,GrasslandFiresAEZ16,ProtectedGrasslandFiresAEZ16,1990,OC,1.50713111172284e-06
India,UnmanagedLand,GrasslandFiresAEZ16,ProtectedGrasslandFiresAEZ16,1990,BC,2.80360017704832e-05
India,UnmanagedLand,GrasslandFiresAEZ16,ProtectedGrasslandFiresAEZ16,1990,OC,0.000197279539966535
Russia,UnmanagedLand,GrasslandFiresAEZ16,ProtectedGrasslandFiresAEZ16,1990,BC,2.78531072181428e-05
Russia,UnmanagedLand,GrasslandFiresAEZ16,ProtectedGrasslandFiresAEZ16,1990,OC,0.000271103394390541
South America_Southern,UnmanagedLand,GrasslandFiresAEZ16,ProtectedGrasslandFiresAEZ16,1990,BC,1.50583288674161e-06
South America_Southern,UnmanagedLand,GrasslandFiresAEZ16,ProtectedGrasslandFiresAEZ16,1990,OC,1.05050486083742e-05
South Asia,UnmanagedLand,GrasslandFiresAEZ16,ProtectedGrasslandFiresAEZ16,1990,BC,9.13725193240289e-07
South Asia,UnmanagedLand,GrasslandFiresAEZ16,ProtectedGrasslandFiresAEZ16,1990,OC,6.35634884309406e-06
Southeast Asia,UnmanagedLand,GrasslandFiresAEZ16,ProtectedGrasslandFiresAEZ16,1990,BC,2.63870306072166e-05
Southeast Asia,UnmanagedLand,GrasslandFiresAEZ16,ProtectedGrasslandFiresAEZ16,1990,OC,0.000183561942943689
Argentina,UnmanagedLand,GrasslandFiresAEZ16,ProtectedGrasslandFiresAEZ16,1990,BC,1.93174560428729e-05
Argentina,UnmanagedLand,GrasslandFiresAEZ16,ProtectedGrasslandFiresAEZ16,1990,OC,0.000139167624903912
USA,UnmanagedLand,GrasslandFiresAEZ16,ProtectedGrasslandFiresAEZ16,2005,BC,2.45274379758276e-05
USA,UnmanagedLand,GrasslandFiresAEZ16,ProtectedGrasslandFiresAEZ16,2005,OC,0.000261959912632907
Australia_NZ,UnmanagedLand,GrasslandFiresAEZ16,ProtectedGrasslandFiresAEZ16,2005,BC,9.52677344773469e-05
Australia_NZ,UnmanagedLand,GrasslandFiresAEZ16,ProtectedGrasslandFiresAEZ16,2005,OC,0.000662828699201625
Canada,UnmanagedLand,GrasslandFiresAEZ16,ProtectedGrasslandFiresAEZ16,2005,BC,9.16515114031331e-05
Canada,UnmanagedLand,GrasslandFiresAEZ16,ProtectedGrasslandFiresAEZ16,2005,OC,0.00105548747178004
Central Asia,UnmanagedLand,GrasslandFiresAEZ16,ProtectedGrasslandFiresAEZ16,2005,BC,5.8528330967722e-05
Central Asia,UnmanagedLand,GrasslandFiresAEZ16,ProtectedGrasslandFiresAEZ16,2005,OC,0.000411080032544938
China,UnmanagedLand,GrasslandFiresAEZ16,ProtectedGrasslandFiresAEZ16,2005,BC,8.67547280250524e-06
China,UnmanagedLand,GrasslandFiresAEZ16,ProtectedGrasslandFiresAEZ16,2005,OC,6.21274225970494e-05
EU-12,UnmanagedLand,GrasslandFiresAEZ16,ProtectedGrasslandFiresAEZ16,2005,BC,3.71081642617959e-06
EU-12,UnmanagedLand,GrasslandFiresAEZ16,ProtectedGrasslandFiresAEZ16,2005,OC,2.58143747567389e-05
EU-15,UnmanagedLand,GrasslandFiresAEZ16,ProtectedGrasslandFiresAEZ16,2005,BC,0
EU-15,UnmanagedLand,GrasslandFiresAEZ16,ProtectedGrasslandFiresAEZ16,2005,OC,0
Europe_Eastern,UnmanagedLand,GrasslandFiresAEZ16,ProtectedGrasslandFiresAEZ16,2005,BC,9.65760932482641e-06
Europe_Eastern,UnmanagedLand,GrasslandFiresAEZ16,ProtectedGrasslandFiresAEZ16,2005,OC,6.71833739621623e-05
Europe_Non_EU,UnmanagedLand,GrasslandFiresAEZ16,ProtectedGrasslandFiresAEZ16,2005,BC,1.80763561871253e-06
Europe_Non_EU,UnmanagedLand,GrasslandFiresAEZ16,ProtectedGrasslandFiresAEZ16,2005,OC,1.25748565416304e-05
European Free Trade Association,UnmanagedLand,GrasslandFiresAEZ16,ProtectedGrasslandFiresAEZ16,2005,BC,1.68790342441832e-07
European Free Trade Association,UnmanagedLand,GrasslandFiresAEZ16,ProtectedGrasslandFiresAEZ16,2005,OC,1.50713111172284e-06
India,UnmanagedLand,GrasslandFiresAEZ16,ProtectedGrasslandFiresAEZ16,2005,BC,2.80360017704832e-05
India,UnmanagedLand,GrasslandFiresAEZ16,ProtectedGrasslandFiresAEZ16,2005,OC,0.000197279539966535
Russia,UnmanagedLand,GrasslandFiresAEZ16,ProtectedGrasslandFiresAEZ16,2005,BC,2.78531072181428e-05
Russia,UnmanagedLand,GrasslandFiresAEZ16,ProtectedGrasslandFiresAEZ16,2005,OC,0.000271103394390541
South America_Southern,UnmanagedLand,GrasslandFiresAEZ16,ProtectedGrasslandFiresAEZ16,2005,BC,1.50583288674161e-06
South America_Southern,UnmanagedLand,GrasslandFiresAEZ16,ProtectedGrasslandFiresAEZ16,2005,OC,1.05050486083742e-05
South Asia,UnmanagedLand,GrasslandFiresAEZ16,ProtectedGrasslandFiresAEZ16,2005,BC,9.13725193240289e-07
South Asia,UnmanagedLand,GrasslandFiresAEZ16,ProtectedGrasslandFiresAEZ16,2005,OC,6.35634884309406e-06
Southeast Asia,UnmanagedLand,GrasslandFiresAEZ16,ProtectedGrasslandFiresAEZ16,2005,BC,2.63870306072166e-05
Southeast Asia,UnmanagedLand,GrasslandFiresAEZ16,ProtectedGrasslandFiresAEZ16,2005,OC,0.000183561942943689
Argentina,UnmanagedLand,GrasslandFiresAEZ16,ProtectedGrasslandFiresAEZ16,2005,BC,1.93174560428729e-05
Argentina,UnmanagedLand,GrasslandFiresAEZ16,ProtectedGrasslandFiresAEZ16,2005,OC,0.000139167624903912
Australia_NZ,UnmanagedLand,GrasslandFiresAEZ17,ProtectedGrasslandFiresAEZ17,1975,BC,9.52677344773469e-05
Australia_NZ,UnmanagedLand,GrasslandFiresAEZ17,ProtectedGrasslandFiresAEZ17,1975,OC,0.000662828699201625
China,UnmanagedLand,GrasslandFiresAEZ17,ProtectedGrasslandFiresAEZ17,1975,BC,8.67547280250524e-06
China,UnmanagedLand,GrasslandFiresAEZ17,ProtectedGrasslandFiresAEZ17,1975,OC,6.21274225970494e-05
South America_Southern,UnmanagedLand,GrasslandFiresAEZ17,ProtectedGrasslandFiresAEZ17,1975,BC,1.50583288674161e-06
South America_Southern,UnmanagedLand,GrasslandFiresAEZ17,ProtectedGrasslandFiresAEZ17,1975,OC,1.05050486083742e-05
Australia_NZ,UnmanagedLand,GrasslandFiresAEZ17,ProtectedGrasslandFiresAEZ17,1990,BC,9.52677344773469e-05
Australia_NZ,UnmanagedLand,GrasslandFiresAEZ17,ProtectedGrasslandFiresAEZ17,1990,OC,0.000662828699201625
China,UnmanagedLand,GrasslandFiresAEZ17,ProtectedGrasslandFiresAEZ17,1990,BC,8.67547280250524e-06
China,UnmanagedLand,GrasslandFiresAEZ17,ProtectedGrasslandFiresAEZ17,1990,OC,6.21274225970494e-05
South America_Southern,UnmanagedLand,GrasslandFiresAEZ17,ProtectedGrasslandFiresAEZ17,1990,BC,1.50583288674161e-06
South America_Southern,UnmanagedLand,GrasslandFiresAEZ17,ProtectedGrasslandFiresAEZ17,1990,OC,1.05050486083742e-05
Australia_NZ,UnmanagedLand,GrasslandFiresAEZ17,ProtectedGrasslandFiresAEZ17,2005,BC,9.52677344773469e-05
Australia_NZ,UnmanagedLand,GrasslandFiresAEZ17,ProtectedGrasslandFiresAEZ17,2005,OC,0.000662828699201625
China,UnmanagedLand,GrasslandFiresAEZ17,ProtectedGrasslandFiresAEZ17,2005,BC,8.67547280250524e-06
China,UnmanagedLand,GrasslandFiresAEZ17,ProtectedGrasslandFiresAEZ17,2005,OC,6.21274225970494e-05
South America_Southern,UnmanagedLand,GrasslandFiresAEZ17,ProtectedGrasslandFiresAEZ17,2005,BC,1.50583288674161e-06
South America_Southern,UnmanagedLand,GrasslandFiresAEZ17,ProtectedGrasslandFiresAEZ17,2005,OC,1.05050486083742e-05
South America_Southern,UnmanagedLand,GrasslandFiresAEZ18,ProtectedGrasslandFiresAEZ18,1975,BC,1.50583288674161e-06
South America_Southern,UnmanagedLand,GrasslandFiresAEZ18,ProtectedGrasslandFiresAEZ18,1975,OC,1.05050486083742e-05
South America_Southern,UnmanagedLand,GrasslandFiresAEZ18,ProtectedGrasslandFiresAEZ18,1990,BC,1.50583288674161e-06
South America_Southern,UnmanagedLand,GrasslandFiresAEZ18,ProtectedGrasslandFiresAEZ18,1990,OC,1.05050486083742e-05
South America_Southern,UnmanagedLand,GrasslandFiresAEZ18,ProtectedGrasslandFiresAEZ18,2005,BC,1.50583288674161e-06
South America_Southern,UnmanagedLand,GrasslandFiresAEZ18,ProtectedGrasslandFiresAEZ18,2005,OC,1.05050486083742e-05
